Sample File	P:\aerosols\private\Bret Hatzinger\Summer Work 2021\Internal Mixtures\0.1gL AmmSulf_Sucrose Internal Mix (6_7_21)\0.1gL AmmSulf_Sucrose Internal Mix (6_7_21).S80
Classifier Model	3080
DMA Model	3081
DMA Inner Radius(cm)	0.00937
DMA Outer Radius(cm)	0.01961
DMA Characteristic Length(cm)	0.44369
CPC Model	3776 Low Flow
Reference Gas Viscosity (Pa*s)	1.83245e-005
Reference Mean Free Path (m)	6.73e-008
Reference Gas Temperature (K)	296.15
Reference Gas Pressure (kPa)	101.3
Channels/Decade	64
Multiple Charge Correction	TRUE
Nanoparticle Aggregate Mobility Analysis	FALSE
Diffusion Correction	TRUE
Gas Density	0.0012
Units	dw/dlogDp
Weight	Number
Sample #	1	2	3	4	5	6	7	8	9	10	11	12	13	14	15	16	17	18	19	20	21	22	23	24	25	26	27	28	29	30	31	32	33	34	35	36	37	38	39	40	41	42	43	44	45	46	47	48	49	50	51	52	53	54
Date	06/07/21	06/07/21	06/07/21	06/07/21	06/07/21	06/07/21	06/07/21	06/07/21	06/07/21	06/07/21	06/07/21	06/07/21	06/07/21	06/07/21	06/07/21	06/07/21	06/07/21	06/07/21	06/07/21	06/07/21	06/07/21	06/07/21	06/07/21	06/07/21	06/07/21	06/07/21	06/07/21	06/07/21	06/07/21	06/07/21	06/07/21	06/07/21	06/07/21	06/07/21	06/07/21	06/07/21	06/07/21	06/07/21	06/07/21	06/07/21	06/07/21	06/07/21	06/07/21	06/07/21	06/07/21	06/07/21	06/07/21	06/07/21	06/07/21	06/07/21	06/07/21	06/07/21	06/07/21	06/07/21
Start Time	14:16:57	14:19:16	14:21:31	14:23:46	14:26:01	14:28:16	14:30:31	14:32:46	14:35:01	14:37:16	14:39:31	14:41:46	14:44:01	14:46:16	14:48:31	14:50:46	14:53:01	14:55:16	14:57:31	14:59:46	15:02:01	15:04:16	15:06:31	15:08:46	15:11:01	15:13:16	15:15:31	15:17:46	15:20:01	15:22:16	15:24:31	15:26:46	15:29:01	15:31:16	15:33:31	15:35:46	15:38:01	15:40:16	15:42:31	15:44:46	15:47:01	15:49:16	15:51:31	15:53:46	15:56:01	15:58:16	16:00:31	16:02:46	16:05:01	16:07:16	16:09:31	16:11:46	16:14:01	16:16:16
Diameter Midpoint
8.20	1.38628e+006	359136	684761	684761	684761	171190	1.02714e+006	342380	513571	764831	1.02714e+006	359136	936021	610396	234505	764831	342380	1.43284e+006	513571	513571	1.21509e+006	952777	187945	513571	513571	513571	855951	1.89985e+006	1.02714e+006	855951	1.09046e+006	684761	375891	872706	1.02714e+006	748076	855951	1.43284e+006	1.60403e+006	359136	1.02714e+006	855951	1.02714e+006	297820	513571	684761	342380	1.54071e+006	405696	1.66734e+006	405696	701516	684761	63315.1
8.51	931386	133055	509982	0	643037	1.01996e+006	532220	266110	532220	483010	532220	665275	1.2591e+006	992991	616065	859936	487743	483010	931386	1.15302e+006	776092	882175	643037	798330	931386	886908	376926	376926	399165	532220	837697	532220	1.0422e+006	1.41913e+006	509982	1.01523e+006	243871	460771	1.10381e+006	487743	776092	509982	776092	943780	487743	354688	532220	1.06444e+006	726881	1.07684e+006	349954	798330	1.30831e+006	1.01523e+006
8.82	418658	867770	841506	763105	466605	1.06833e+006	658441	732652	867770	867770	1.76599e+006	627987	811053	780599	1.15131e+006	540816	976968	1.39109e+006	466262	723882	959474	1.25597e+006	750145	1.63088e+006	1.0638e+006	379435	466605	1.33438e+006	763105	941981	963665	1.00289e+006	989928	767639	1.06414e+006	1.00289e+006	1.30392e+006	1.30392e+006	1.11209e+006	933211	1.1688e+006	750145	959474	885264	274770	662974	732652	688895	885264	645481	941981	837316	1.26016e+006	1.28643e+006
9.14	582892	932377	821968	787156	558664	1.00983e+006	287534	1.12315e+006	870426	1.14156e+006	1.07178e+006	832703	679656	953696	1.08251e+006	333081	956606	1.03697e+006	1.33508e+006	679656	811384	666163	666163	846197	1.19277e+006	765836	849107	762927	808475	1.08251e+006	779330	1.36714e+006	1.03697e+006	728114	1.66541e+006	991419	1.28678e+006	1.01565e+006	787156	1.3245e+006	811384	999244	1.08251e+006	953696	620615	582892	975919	1.11733e+006	975015	540254	811384	832703	1.50945e+006	891745
9.47	872760	1.10854e+006	848553	1.12996e+006	655698	1.0199e+006	902818	651465	969954	885630	902818	805625	1.77558e+006	889948	1.16704e+006	898500	1.04141e+006	1.73418e+006	1.45709e+006	1.49417e+006	458610	738490	562823	634277	1.04141e+006	878611	974272	902818	818495	952766	1.0172e+006	1.25992e+006	1.26424e+006	685756	1.1413e+006	1.30995e+006	567141	1.05428e+006	1.30563e+006	1.17568e+006	1.10422e+006	898500	1.30131e+006	1.12996e+006	512876	508558	1.19872e+006	898500	1.08704e+006	1.08002e+006	432871	1.0199e+006	831365	1.28844e+006
9.82	635978	854641	888347	748525	1.27006e+006	700175	680164	858804	1.02817e+006	1.05746e+006	1.11749e+006	745309	893458	909306	649673	923002	1.67463e+006	1.27517e+006	809507	1.43595e+006	932534	765321	744362	1.15214e+006	1.34126e+006	1.09653e+006	834629	1.17216e+006	1.17216e+006	764115	669684	1.08605e+006	1.13119e+006	802243	1.14261e+006	779963	1.04281e+006	1.00816e+006	913469	799975	913469	1.01769e+006	1.14166e+006	897880	615019	961819	1.18585e+006	1.14166e+006	953493	639193	1.05746e+006	1.1868e+006	1.30566e+006	1.08284e+006
 10.2	830346	875384	743442	853178	1.17416e+006	903935	920422	725033	862069	1.55855e+006	1.2839e+006	752961	1.28832e+006	1.23886e+006	1.03016e+006	1.07837e+006	1.33846e+006	1.13355e+006	948973	1.03016e+006	1.10692e+006	952146	1.37018e+006	895044	841115	1.23252e+006	985120	1.14561e+006	794826	1.30481e+006	968633	968633	1.34542e+006	1.18748e+006	821455	1.02699e+006	808140	695231	905186	1.18748e+006	1.13989e+006	997184	1.30356e+006	858897	974978	944505	1.11706e+006	669853	1.10057e+006	573432	1.15321e+006	959742	1.08471e+006	733301
 10.6	839626	933159	649845	1.04025e+006	970510	577547	708587	561431	1.08024e+006	967951	911769	1.01615e+006	1.22995e+006	1.17385e+006	780807	1.3396e+006	1.03498e+006	989263	1.17656e+006	1.06156e+006	1.62028e+006	1.06164e+006	1.78084e+006	1.09891e+006	927886	1.10419e+006	1.24871e+006	820873	1.206e+006	1.08024e+006	799483	1.49211e+006	930522	898367	1.2112e+006	1.43849e+006	1.0776e+006	1.00809e+006	1.08551e+006	1.16045e+006	1.15238e+006	1.15509e+006	1.30225e+006	951912	644572	1.4171e+006	1.15765e+006	1.19252e+006	1.13913e+006	879614	836912	965237	735391	1.07496e+006
 10.9	732202	781613	1.13755e+006	841932	716619	544103	718892	933805	1.0662e+006	1.27871e+006	1.17132e+006	1.41051e+006	1.1893e+006	1.01912e+006	1.2043e+006	1.1893e+006	998735	1.20501e+006	1.23391e+006	1.25832e+006	954129	1.41973e+006	1.24501e+006	1.10392e+006	1.08119e+006	1.26774e+006	1.32572e+006	1.21599e+006	1.04347e+006	1.31474e+006	886732	1.37734e+006	994124	1.05918e+006	1.13528e+006	1.03646e+006	1.1556e+006	718827	750252	1.30533e+006	1.09061e+006	1.11022e+006	1.00341e+006	1.25832e+006	1.31636e+006	1.37279e+006	1.14865e+006	1.02315e+006	978347	693893	911079	996527	1.08827e+006	1.1556e+006
 11.3	1.14583e+006	895912	890754	1.12841e+006	845625	668176	949793	855910	1.35417e+006	1.26388e+006	1.64091e+006	1.19968e+006	1.0294e+006	1.10703e+006	1.25635e+006	1.60409e+006	1.35893e+006	1.39261e+006	819088	1.32091e+006	1.48883e+006	1.58151e+006	1.41516e+006	1.10502e+006	1.19138e+006	1.22347e+006	1.14862e+006	1.5732e+006	1.51102e+006	1.20604e+006	1.21e+006	1.00206e+006	1.40685e+006	1.23573e+006	1.36208e+006	1.19851e+006	960078	1.1082e+006	1.03771e+006	1.49674e+006	1.00682e+006	1.12205e+006	1.72649e+006	1.16919e+006	1.28841e+006	979478	1.13435e+006	1.12604e+006	982264	1.13515e+006	1.22505e+006	1.20169e+006	839659	1.09276e+006
 11.8	932533	934757	976229	828758	1.13761e+006	899267	990388	1.15271e+006	1.17022e+006	1.30854e+006	1.3414e+006	1.66444e+006	1.14315e+006	1.62917e+006	1.62381e+006	1.15647e+006	1.56508e+006	1.1673e+006	1.38638e+006	1.55775e+006	1.10237e+006	1.23584e+006	1.20392e+006	1.15161e+006	1.10015e+006	1.53206e+006	1.29968e+006	1.33382e+006	1.43161e+006	1.10015e+006	1.18506e+006	1.58463e+006	1.16022e+006	1.12943e+006	1.0853e+006	1.26732e+006	1.2385e+006	1.18353e+006	1.1139e+006	1.39593e+006	1.34713e+006	1.06491e+006	1.32784e+006	1.11612e+006	1.12455e+006	1.41523e+006	1.13429e+006	1.33382e+006	1.49946e+006	1.24668e+006	1.3019e+006	1.20921e+006	1.02744e+006	1.01191e+006
 12.2	876492	797449	969617	988405	1.21199e+006	1.06422e+006	775570	1.09903e+006	1.23615e+006	1.1746e+006	1.09594e+006	1.31624e+006	1.54638e+006	1.31414e+006	1.24276e+006	1.27923e+006	1.23282e+006	1.52779e+006	1.2927e+006	1.51338e+006	1.42711e+006	1.4378e+006	1.25222e+006	1.31662e+006	1.12733e+006	1.17794e+006	1.64051e+006	1.62838e+006	1.49602e+006	1.39899e+006	1.46506e+006	1.63784e+006	1.2927e+006	1.48161e+006	1.32447e+006	1.14568e+006	1.1154e+006	1.48279e+006	1.18659e+006	1.54923e+006	1.32946e+006	1.41388e+006	1.71028e+006	1.05242e+006	964860	1.62709e+006	1.44423e+006	1.1728e+006	1.21817e+006	1.53816e+006	1.17732e+006	1.34634e+006	1.02888e+006	1.29041e+006
 12.6	1.24262e+006	1.12856e+006	809040	1.00817e+006	1.08699e+006	978043	1.04977e+006	1.37905e+006	1.09269e+006	1.6936e+006	1.26421e+006	1.2125e+006	1.22451e+006	1.43589e+006	1.28651e+006	1.55969e+006	1.36704e+006	1.71478e+006	1.24285e+006	1.49901e+006	1.14193e+006	1.35614e+006	1.57229e+006	1.39162e+006	1.43264e+006	1.39107e+006	1.51542e+006	1.28977e+006	1.57074e+006	1.43644e+006	1.39449e+006	1.32927e+006	1.57686e+006	1.07877e+006	1.58106e+006	1.33536e+006	1.52135e+006	1.52072e+006	1.38802e+006	1.56636e+006	1.61521e+006	1.36417e+006	1.63007e+006	1.43741e+006	1.68771e+006	1.3468e+006	1.32714e+006	1.52917e+006	1.26821e+006	1.43609e+006	1.24685e+006	1.33533e+006	1.22909e+006	1.49901e+006
 13.1	1.21498e+006	1.1466e+006	1.31504e+006	1.14986e+006	1.14747e+006	1.03364e+006	1.37176e+006	1.17016e+006	1.476e+006	1.69467e+006	1.38343e+006	1.4848e+006	1.70848e+006	1.47265e+006	1.57035e+006	1.45317e+006	1.44933e+006	1.89169e+006	1.41985e+006	1.72874e+006	1.68422e+006	1.48423e+006	1.48079e+006	1.31322e+006	1.71497e+006	1.64188e+006	1.68343e+006	1.29325e+006	1.60842e+006	1.59222e+006	1.72812e+006	1.74198e+006	1.59387e+006	1.64444e+006	1.56861e+006	1.37607e+006	1.824e+006	1.57418e+006	1.42878e+006	1.51743e+006	1.75152e+006	1.44189e+006	1.50113e+006	1.5629e+006	1.60359e+006	1.50936e+006	1.35634e+006	1.15714e+006	1.62724e+006	1.1743e+006	1.36701e+006	1.62401e+006	1.37176e+006	1.50998e+006
 13.6	1.15899e+006	1.11361e+006	1.06865e+006	1.23867e+006	1.1229e+006	1.21412e+006	1.26222e+006	1.12994e+006	1.66721e+006	1.70112e+006	1.69897e+006	1.44944e+006	1.65184e+006	1.88238e+006	1.29919e+006	1.41289e+006	1.41369e+006	1.69205e+006	1.67257e+006	1.67294e+006	1.66778e+006	1.64755e+006	1.86116e+006	1.84698e+006	1.48114e+006	1.73866e+006	1.76195e+006	1.4403e+006	1.81482e+006	1.43636e+006	1.72723e+006	1.82636e+006	1.80358e+006	1.567e+006	1.55798e+006	1.36108e+006	1.54272e+006	1.65636e+006	1.57381e+006	1.9473e+006	1.53168e+006	1.63318e+006	2.0922e+006	1.63911e+006	1.21726e+006	1.65849e+006	1.48466e+006	1.42972e+006	1.89656e+006	1.42218e+006	1.54957e+006	1.66319e+006	1.18117e+006	1.41535e+006
 14.1	1.30868e+006	1.18824e+006	1.22538e+006	1.29704e+006	1.30024e+006	1.13656e+006	1.1729e+006	1.30532e+006	1.72279e+006	1.60538e+006	1.67008e+006	1.64845e+006	1.5927e+006	1.77112e+006	1.76346e+006	1.91732e+006	1.83178e+006	1.68377e+006	1.75226e+006	1.46065e+006	1.74486e+006	1.78404e+006	1.8621e+006	1.72547e+006	1.56255e+006	1.80989e+006	1.89035e+006	1.88277e+006	1.67662e+006	1.34882e+006	1.7364e+006	1.86193e+006	1.37389e+006	1.74855e+006	1.7974e+006	1.86994e+006	1.88434e+006	1.72812e+006	1.55774e+006	1.69196e+006	1.61347e+006	1.91964e+006	1.74484e+006	1.52459e+006	1.7551e+006	1.74787e+006	1.61407e+006	1.50629e+006	1.68876e+006	1.53275e+006	1.85546e+006	1.60219e+006	1.50725e+006	1.81117e+006
 14.6	1.06479e+006	1.17743e+006	1.23915e+006	1.25119e+006	1.33679e+006	1.12368e+006	1.23509e+006	1.3916e+006	1.8051e+006	1.62226e+006	1.66546e+006	2.01572e+006	1.9015e+006	1.59296e+006	1.98724e+006	1.39945e+006	1.93274e+006	1.73437e+006	1.94813e+006	1.86221e+006	1.9284e+006	1.69393e+006	1.96e+006	1.69059e+006	1.9115e+006	2.14876e+006	1.53611e+006	1.81387e+006	1.98581e+006	1.64765e+006	1.92812e+006	2.0413e+006	1.85652e+006	1.92339e+006	1.84413e+006	1.77497e+006	1.93681e+006	1.96984e+006	1.69861e+006	2.27313e+006	1.84643e+006	1.72458e+006	2.00198e+006	1.81473e+006	1.54704e+006	1.79323e+006	1.44816e+006	1.65441e+006	1.99971e+006	1.37216e+006	1.77862e+006	1.88572e+006	1.47601e+006	1.43322e+006
 15.1	1.24293e+006	1.48843e+006	1.03624e+006	1.51286e+006	1.53834e+006	1.20999e+006	1.37076e+006	1.40599e+006	1.75672e+006	2.04136e+006	1.84572e+006	2.00963e+006	2.1472e+006	1.87563e+006	2.06758e+006	1.74404e+006	2.01152e+006	1.92308e+006	1.72056e+006	2.05868e+006	2.0132e+006	1.86523e+006	2.01173e+006	1.90417e+006	1.82295e+006	2.22878e+006	1.9893e+006	1.99001e+006	2.28701e+006	2.03636e+006	1.89245e+006	2.16319e+006	1.91867e+006	2.10671e+006	1.92294e+006	1.95551e+006	1.93202e+006	1.7127e+006	1.98798e+006	2.04282e+006	2.01478e+006	1.9167e+006	1.94611e+006	1.88491e+006	1.75612e+006	2.03173e+006	1.60731e+006	1.70835e+006	2.03846e+006	1.5899e+006	2.03392e+006	1.88965e+006	1.65822e+006	1.70467e+006
 15.7	1.57356e+006	1.37312e+006	1.43068e+006	1.4139e+006	1.6532e+006	1.20844e+006	1.43188e+006	1.36143e+006	1.83067e+006	2.07414e+006	2.10653e+006	1.91356e+006	1.81474e+006	1.96304e+006	1.82281e+006	2.11678e+006	1.85849e+006	1.89435e+006	2.16694e+006	2.17467e+006	2.22695e+006	2.1479e+006	2.24672e+006	2.17733e+006	2.25e+006	1.97218e+006	2.14208e+006	2.25492e+006	2.325e+006	2.34396e+006	1.99216e+006	2.21403e+006	1.97956e+006	2.12609e+006	2.13176e+006	2.19421e+006	2.18375e+006	1.91966e+006	2.05766e+006	2.16116e+006	2.08237e+006	2.04628e+006	2.23683e+006	1.8418e+006	1.90344e+006	2.05236e+006	1.73103e+006	1.78165e+006	2.01104e+006	1.69538e+006	1.95953e+006	1.94941e+006	1.6102e+006	2.04268e+006
 16.3	1.39319e+006	1.55124e+006	1.61638e+006	1.55768e+006	1.5895e+006	1.39788e+006	1.54643e+006	1.58647e+006	1.83933e+006	2.03651e+006	2.05529e+006	2.24139e+006	2.2097e+006	2.13784e+006	1.97426e+006	2.1481e+006	2.33344e+006	2.21577e+006	1.88705e+006	2.20822e+006	2.33354e+006	2.13488e+006	2.10732e+006	2.11985e+006	2.01573e+006	2.53055e+006	2.35951e+006	2.49194e+006	2.62311e+006	2.01259e+006	2.4191e+006	2.12448e+006	2.10529e+006	2.3441e+006	2.36379e+006	2.36595e+006	2.08954e+006	1.9796e+006	1.95056e+006	2.10085e+006	1.96526e+006	1.98243e+006	2.22285e+006	2.02892e+006	1.92895e+006	2.39789e+006	1.96389e+006	1.89149e+006	2.45533e+006	1.85583e+006	2.01014e+006	2.23261e+006	1.90981e+006	2.04724e+006
 16.8	1.49151e+006	1.51485e+006	1.7005e+006	1.61544e+006	1.63025e+006	1.44098e+006	1.64153e+006	1.52921e+006	2.12646e+006	2.24934e+006	2.10665e+006	1.97963e+006	2.26517e+006	2.29352e+006	2.11512e+006	2.20395e+006	2.22329e+006	2.37306e+006	2.16257e+006	2.2719e+006	2.42674e+006	2.15148e+006	2.3138e+006	2.3898e+006	2.2719e+006	2.31334e+006	2.58626e+006	2.22852e+006	2.24688e+006	2.37193e+006	2.1617e+006	2.55261e+006	2.10095e+006	2.385e+006	2.24927e+006	2.24342e+006	2.44241e+006	2.33601e+006	2.16815e+006	2.54301e+006	2.17952e+006	2.23598e+006	2.13158e+006	2.10366e+006	2.07007e+006	2.32601e+006	2.00642e+006	2.04218e+006	2.22653e+006	1.7978e+006	2.07711e+006	2.48678e+006	1.99256e+006	1.96891e+006
 17.5	1.41537e+006	1.75778e+006	1.87657e+006	1.71682e+006	1.86006e+006	1.54051e+006	1.73382e+006	1.78212e+006	2.22919e+006	2.40936e+006	2.51343e+006	2.20106e+006	2.61976e+006	2.19176e+006	2.21647e+006	2.06745e+006	2.40832e+006	2.56043e+006	2.46662e+006	2.54572e+006	2.59703e+006	2.55465e+006	2.49341e+006	2.31239e+006	2.4986e+006	2.51773e+006	2.49654e+006	2.36165e+006	2.41487e+006	2.17532e+006	2.29365e+006	2.62257e+006	2.42496e+006	2.39946e+006	2.46303e+006	2.52249e+006	2.62316e+006	2.41321e+006	2.3436e+006	2.47543e+006	2.09294e+006	2.43567e+006	2.13474e+006	2.30412e+006	2.15426e+006	2.30984e+006	2.14624e+006	2.11991e+006	2.28139e+006	2.12742e+006	2.21371e+006	2.22777e+006	2.21352e+006	2.30739e+006
 18.1	1.54814e+006	1.6494e+006	1.76525e+006	1.71647e+006	2.09092e+006	1.61065e+006	1.66903e+006	1.62641e+006	2.35828e+006	2.41775e+006	2.50986e+006	2.38922e+006	2.56221e+006	2.25306e+006	2.27512e+006	2.45248e+006	2.45989e+006	2.6215e+006	2.67929e+006	2.81743e+006	2.55771e+006	2.33851e+006	2.73665e+006	2.69935e+006	2.38402e+006	2.70642e+006	2.54376e+006	2.58449e+006	2.63971e+006	2.32391e+006	2.56891e+006	2.6096e+006	2.55433e+006	2.85005e+006	2.86458e+006	2.40573e+006	2.36617e+006	2.42645e+006	2.28271e+006	2.78381e+006	2.36266e+006	2.40381e+006	2.40083e+006	2.43935e+006	2.41618e+006	2.61829e+006	2.20193e+006	2.14264e+006	2.44145e+006	2.01558e+006	2.36447e+006	2.49964e+006	2.32857e+006	2.25562e+006
 18.8	1.69995e+006	1.63179e+006	1.97472e+006	1.87712e+006	2.14958e+006	1.77091e+006	1.83464e+006	1.75988e+006	2.6191e+006	2.67237e+006	2.57749e+006	2.57611e+006	2.46846e+006	2.60759e+006	2.51136e+006	2.35942e+006	2.75347e+006	2.56656e+006	2.70934e+006	2.59673e+006	3.06656e+006	2.58366e+006	2.61397e+006	2.9981e+006	2.65511e+006	2.53959e+006	2.6441e+006	2.83749e+006	2.77574e+006	2.44038e+006	2.75608e+006	2.73147e+006	2.6133e+006	2.71377e+006	2.6718e+006	2.70184e+006	2.86077e+006	2.61813e+006	2.83925e+006	2.81874e+006	2.47285e+006	2.56123e+006	2.72896e+006	2.70215e+006	2.33617e+006	2.82795e+006	2.41775e+006	2.42558e+006	2.60275e+006	2.21672e+006	2.63929e+006	2.64184e+006	2.40954e+006	2.55246e+006
 19.5	1.70604e+006	1.76166e+006	1.88589e+006	2.11588e+006	1.9954e+006	1.72912e+006	1.92804e+006	1.8959e+006	2.45895e+006	2.41876e+006	2.80957e+006	2.70191e+006	2.84007e+006	2.51314e+006	2.64236e+006	2.56191e+006	2.90943e+006	2.91773e+006	3.11949e+006	2.74738e+006	3.0218e+006	2.73987e+006	2.69213e+006	2.88776e+006	2.91392e+006	2.97202e+006	2.90868e+006	2.8286e+006	3.02826e+006	2.89919e+006	2.50475e+006	2.75581e+006	2.91254e+006	2.94875e+006	2.91244e+006	2.9207e+006	2.80436e+006	2.8871e+006	2.8907e+006	2.9564e+006	2.63918e+006	2.55525e+006	2.72661e+006	2.69934e+006	2.36945e+006	2.95104e+006	2.46758e+006	2.56998e+006	2.72991e+006	2.2409e+006	2.68119e+006	2.77968e+006	2.4911e+006	2.71137e+006
 20.2	1.82198e+006	1.83698e+006	1.85961e+006	2.03115e+006	1.94997e+006	1.94207e+006	2.04939e+006	1.96684e+006	2.66568e+006	2.80962e+006	2.68135e+006	2.80671e+006	2.98841e+006	2.64722e+006	2.92347e+006	2.87167e+006	3.10777e+006	3.06537e+006	2.94556e+006	2.87552e+006	3.14655e+006	2.95747e+006	2.97223e+006	3.17453e+006	2.8305e+006	3.14053e+006	2.80806e+006	3.02008e+006	3.0497e+006	2.75436e+006	3.04222e+006	3.26905e+006	2.81335e+006	2.93003e+006	2.71156e+006	2.68374e+006	3.07161e+006	2.9871e+006	2.82818e+006	3.16447e+006	2.81096e+006	2.72697e+006	2.96367e+006	2.85247e+006	2.69536e+006	3.01423e+006	2.69914e+006	2.53716e+006	2.91153e+006	2.45954e+006	2.93314e+006	2.70981e+006	2.61249e+006	2.85964e+006
 20.9	1.90822e+006	1.84821e+006	1.96753e+006	1.98742e+006	2.19712e+006	1.8706e+006	2.04756e+006	1.89338e+006	2.70995e+006	2.97939e+006	2.84073e+006	2.83375e+006	2.86572e+006	2.63323e+006	2.83264e+006	2.95896e+006	3.12724e+006	3.24443e+006	3.10015e+006	3.0198e+006	3.05496e+006	2.82672e+006	2.88098e+006	3.1428e+006	3.02492e+006	3.11385e+006	3.08838e+006	2.96812e+006	3.12792e+006	2.95042e+006	3.05205e+006	3.27002e+006	2.98115e+006	3.13899e+006	3.03252e+006	2.75702e+006	2.8237e+006	2.936e+006	3.08607e+006	3.17355e+006	2.87471e+006	2.67478e+006	3.11644e+006	3.05289e+006	2.78981e+006	3.08074e+006	2.84729e+006	2.60806e+006	3.06816e+006	2.49023e+006	2.77651e+006	3.01225e+006	2.76724e+006	2.97991e+006
 21.7	1.80402e+006	1.78119e+006	2.15337e+006	2.14608e+006	2.31378e+006	1.96916e+006	2.23824e+006	2.10823e+006	2.8898e+006	3.10024e+006	2.95517e+006	3.04473e+006	3.04457e+006	2.87437e+006	2.84384e+006	2.9432e+006	3.30569e+006	3.31593e+006	3.1594e+006	3.01035e+006	3.23643e+006	2.83291e+006	3.11758e+006	3.17521e+006	3.1841e+006	3.12836e+006	3.11624e+006	3.19502e+006	3.23201e+006	2.94811e+006	3.00655e+006	3.11811e+006	2.92836e+006	3.26162e+006	3.30114e+006	2.90094e+006	3.21315e+006	3.04004e+006	2.91161e+006	3.16005e+006	2.97904e+006	3.12065e+006	2.93923e+006	3.05272e+006	3.11052e+006	3.32638e+006	2.86849e+006	2.75413e+006	3.20052e+006	2.57257e+006	2.994e+006	3.291e+006	2.64003e+006	3.09673e+006
 22.5	1.87402e+006	2.19793e+006	2.25399e+006	2.00871e+006	2.29382e+006	2.02556e+006	2.29171e+006	2.04606e+006	3.15435e+006	3.01557e+006	3.27125e+006	3.15409e+006	2.99991e+006	2.92319e+006	2.93797e+006	3.03091e+006	3.22574e+006	3.49317e+006	3.11911e+006	3.02278e+006	3.46066e+006	3.22512e+006	3.34461e+006	3.12283e+006	3.28789e+006	3.37982e+006	3.38361e+006	3.24912e+006	3.34501e+006	3.09948e+006	3.26683e+006	3.60292e+006	3.0764e+006	3.29207e+006	2.96392e+006	3.19299e+006	3.11775e+006	3.30471e+006	3.25422e+006	3.25517e+006	2.95258e+006	3.04833e+006	3.13086e+006	3.25132e+006	2.88193e+006	3.18162e+006	2.96439e+006	2.79675e+006	3.17287e+006	2.69605e+006	3.20323e+006	3.37734e+006	2.62098e+006	3.26065e+006
 23.3	1.89541e+006	2.10815e+006	2.26648e+006	2.09703e+006	2.41897e+006	2.06988e+006	2.258e+006	2.14161e+006	3.18552e+006	3.01251e+006	3.11856e+006	3.34772e+006	3.09262e+006	2.93294e+006	3.30209e+006	3.16232e+006	3.4531e+006	3.49816e+006	3.39695e+006	3.40279e+006	3.64923e+006	3.2285e+006	3.35607e+006	3.2365e+006	3.25037e+006	3.3723e+006	3.42558e+006	3.38592e+006	3.40331e+006	3.11127e+006	3.26837e+006	3.37331e+006	3.23809e+006	3.47367e+006	3.09948e+006	3.06784e+006	3.33586e+006	3.33068e+006	3.33289e+006	3.42573e+006	3.14618e+006	3.1333e+006	3.16866e+006	3.21159e+006	2.94217e+006	3.38541e+006	3.02763e+006	2.88951e+006	3.41126e+006	2.81644e+006	3.23049e+006	3.32317e+006	2.94294e+006	3.25007e+006
 24.1	2.10639e+006	2.22377e+006	2.25967e+006	2.01279e+006	2.46913e+006	2.20129e+006	2.34964e+006	2.25005e+006	3.11492e+006	3.26156e+006	3.24889e+006	3.31274e+006	3.30765e+006	3.08207e+006	3.3158e+006	3.03567e+006	3.65492e+006	3.57808e+006	3.55252e+006	3.29067e+006	3.64152e+006	3.3121e+006	3.3035e+006	3.46165e+006	3.36148e+006	3.20977e+006	3.33503e+006	3.48856e+006	3.3864e+006	3.10626e+006	3.34364e+006	3.62465e+006	3.27494e+006	3.43301e+006	3.31138e+006	3.11268e+006	3.32004e+006	3.3706e+006	3.45721e+006	3.43061e+006	3.32224e+006	3.16338e+006	3.39228e+006	3.27631e+006	3.09284e+006	3.49101e+006	3.12706e+006	2.93469e+006	3.41424e+006	2.85812e+006	3.25828e+006	3.46455e+006	2.92256e+006	3.39777e+006
 25.0	2.17907e+006	2.12368e+006	2.09144e+006	2.15324e+006	2.50044e+006	2.12275e+006	2.46571e+006	2.22138e+006	3.38235e+006	3.38714e+006	3.40714e+006	3.70174e+006	3.32498e+006	3.11845e+006	3.31651e+006	3.24054e+006	3.67844e+006	3.71393e+006	3.60455e+006	3.33281e+006	3.94109e+006	3.38405e+006	3.42145e+006	3.5611e+006	3.34632e+006	3.6491e+006	3.4229e+006	3.5988e+006	3.65035e+006	3.55666e+006	3.3881e+006	3.82385e+006	3.47514e+006	3.61238e+006	3.46602e+006	3.25312e+006	3.52148e+006	3.60526e+006	3.39336e+006	3.64909e+006	3.32414e+006	3.36744e+006	3.49281e+006	3.27785e+006	3.09927e+006	3.53718e+006	3.13352e+006	3.13246e+006	3.54812e+006	2.92189e+006	3.44966e+006	3.36908e+006	3.06755e+006	3.54749e+006
 25.9	2.17428e+006	2.2183e+006	2.43914e+006	2.23477e+006	2.62179e+006	2.27548e+006	2.61797e+006	2.29964e+006	3.38347e+006	3.4189e+006	3.32046e+006	3.50049e+006	3.47844e+006	3.21499e+006	3.51138e+006	3.3774e+006	3.73676e+006	3.97344e+006	3.65328e+006	3.48792e+006	3.92671e+006	3.69632e+006	3.52575e+006	3.82388e+006	3.60077e+006	3.7053e+006	3.63745e+006	3.72954e+006	3.66039e+006	3.67725e+006	3.47827e+006	3.74285e+006	3.62746e+006	3.76547e+006	3.62877e+006	3.29148e+006	3.50747e+006	3.73135e+006	3.42454e+006	3.80584e+006	3.29193e+006	3.35669e+006	3.44735e+006	3.56795e+006	3.46756e+006	3.83188e+006	3.21216e+006	3.15969e+006	3.66985e+006	3.00412e+006	3.51731e+006	3.46232e+006	3.05509e+006	3.55697e+006
 26.9	2.23692e+006	2.3549e+006	2.43555e+006	2.22814e+006	2.66499e+006	2.25635e+006	2.50409e+006	2.1891e+006	3.56003e+006	3.55677e+006	3.58923e+006	3.54657e+006	3.63005e+006	3.33034e+006	3.65445e+006	3.36528e+006	3.86043e+006	3.98486e+006	3.76739e+006	3.82964e+006	3.96909e+006	3.5961e+006	3.77403e+006	3.9249e+006	3.58756e+006	3.71795e+006	3.90311e+006	3.91973e+006	3.95011e+006	3.63124e+006	3.80776e+006	3.95984e+006	3.59856e+006	3.86801e+006	3.85682e+006	3.52542e+006	3.796e+006	3.88247e+006	3.74493e+006	3.83596e+006	3.51053e+006	3.72147e+006	3.6625e+006	3.77947e+006	3.41398e+006	3.82e+006	3.45267e+006	3.12375e+006	3.71756e+006	3.23393e+006	3.75204e+006	3.60721e+006	3.09862e+006	3.86739e+006
 27.9	2.28338e+006	2.42344e+006	2.37202e+006	2.16531e+006	2.65497e+006	2.2717e+006	2.65938e+006	2.38627e+006	3.48918e+006	3.50518e+006	3.598e+006	3.81936e+006	3.60379e+006	3.19495e+006	3.75771e+006	3.42156e+006	3.93548e+006	4.0413e+006	4.01874e+006	3.94634e+006	4.16999e+006	3.61475e+006	3.64022e+006	3.78696e+006	3.66298e+006	3.94593e+006	3.84754e+006	3.92096e+006	3.92912e+006	3.53129e+006	3.75383e+006	4.04472e+006	3.65625e+006	3.99948e+006	3.78563e+006	3.53435e+006	3.72756e+006	3.75236e+006	3.60535e+006	3.80248e+006	3.54372e+006	3.69458e+006	3.69885e+006	3.60447e+006	3.56097e+006	3.81888e+006	3.60065e+006	3.39194e+006	3.88544e+006	3.27724e+006	3.77745e+006	3.62385e+006	3.19125e+006	3.91009e+006
 28.9	2.41714e+006	2.57619e+006	2.4473e+006	2.35788e+006	2.62781e+006	2.32105e+006	2.6168e+006	2.38378e+006	3.68976e+006	3.71853e+006	3.64635e+006	3.72532e+006	3.71801e+006	3.39935e+006	3.59592e+006	3.46397e+006	4.01857e+006	4.33735e+006	3.94219e+006	3.92922e+006	4.21715e+006	3.70708e+006	3.74169e+006	4.06221e+006	3.86605e+006	3.92087e+006	4.1623e+006	3.91735e+006	4.25047e+006	3.95268e+006	3.73107e+006	3.96538e+006	3.63032e+006	3.91962e+006	3.90052e+006	3.50089e+006	3.81462e+006	3.7445e+006	3.68538e+006	3.82339e+006	3.54641e+006	3.77565e+006	3.728e+006	3.74919e+006	3.55603e+006	3.79341e+006	3.52745e+006	3.32827e+006	3.82749e+006	3.34308e+006	3.69124e+006	3.77548e+006	3.38664e+006	3.96073e+006
 30.0	2.2844e+006	2.58547e+006	2.2568e+006	2.40721e+006	2.78149e+006	2.21455e+006	2.65361e+006	2.4407e+006	3.73558e+006	3.89704e+006	3.74939e+006	3.79241e+006	3.88754e+006	3.50272e+006	3.62125e+006	3.57145e+006	4.13439e+006	4.17953e+006	4.19458e+006	3.90317e+006	4.31267e+006	3.98069e+006	3.84722e+006	4.06431e+006	3.78161e+006	3.96971e+006	4.17811e+006	4.07601e+006	4.00677e+006	3.6353e+006	3.82143e+006	4.1669e+006	3.92172e+006	3.97392e+006	3.90612e+006	3.60267e+006	4.00458e+006	3.84159e+006	3.60699e+006	3.98658e+006	3.71853e+006	3.69599e+006	3.60256e+006	3.65532e+006	3.52312e+006	3.92801e+006	3.63489e+006	3.50549e+006	3.90978e+006	3.49044e+006	3.91493e+006	3.84408e+006	3.30394e+006	4.01604e+006
 31.1	2.37794e+006	2.51826e+006	2.48964e+006	2.41436e+006	2.85016e+006	2.44369e+006	2.62597e+006	2.42444e+006	3.86311e+006	3.66336e+006	3.83714e+006	3.86997e+006	3.88529e+006	3.45697e+006	3.81128e+006	3.57094e+006	4.21428e+006	4.3017e+006	4.0759e+006	4.18038e+006	4.20741e+006	4.0685e+006	3.92725e+006	4.16776e+006	3.77482e+006	4.08397e+006	4.18271e+006	4.25184e+006	4.18054e+006	3.85521e+006	3.85449e+006	4.36509e+006	3.67999e+006	4.21462e+006	4.05928e+006	3.5681e+006	4.16062e+006	4.07132e+006	3.6893e+006	3.97238e+006	3.88591e+006	3.89634e+006	3.8689e+006	3.77828e+006	3.80925e+006	4.08401e+006	3.68041e+006	3.4239e+006	4.03146e+006	3.60767e+006	4.12208e+006	3.86654e+006	3.42196e+006	4.08724e+006
 32.2	2.45812e+006	2.54156e+006	2.64392e+006	2.5526e+006	2.73064e+006	2.24288e+006	2.75689e+006	2.54498e+006	3.73913e+006	3.77078e+006	3.84956e+006	4.09131e+006	3.84288e+006	3.43968e+006	3.83743e+006	3.66703e+006	4.26158e+006	4.50785e+006	4.27026e+006	4.01355e+006	4.37885e+006	4.1899e+006	4.04029e+006	4.07719e+006	4.0084e+006	4.22309e+006	4.10718e+006	4.28582e+006	4.20815e+006	3.89295e+006	3.93071e+006	4.208e+006	3.78905e+006	4.22074e+006	3.98782e+006	3.65166e+006	4.1832e+006	3.89784e+006	3.83719e+006	3.9936e+006	3.78763e+006	4.00699e+006	3.94632e+006	3.7362e+006	3.725e+006	4.00822e+006	3.77728e+006	3.62074e+006	4.03195e+006	3.74828e+006	3.92861e+006	4.08383e+006	3.56947e+006	4.13663e+006
 33.4	2.38201e+006	2.52949e+006	2.57374e+006	2.71845e+006	2.79493e+006	2.51013e+006	2.56848e+006	2.45341e+006	3.82951e+006	4.02742e+006	3.88981e+006	3.9501e+006	4.05735e+006	3.70014e+006	3.75385e+006	3.70656e+006	4.18727e+006	4.48847e+006	4.28609e+006	4.12665e+006	4.47284e+006	4.22072e+006	4.06822e+006	4.35252e+006	3.94769e+006	4.2005e+006	4.1602e+006	4.33668e+006	4.0734e+006	3.7993e+006	3.97478e+006	4.34063e+006	3.84835e+006	4.17164e+006	4.10554e+006	3.80141e+006	4.05161e+006	3.80812e+006	3.94692e+006	4.03583e+006	3.89979e+006	3.89547e+006	4.18619e+006	3.75488e+006	3.77698e+006	4.10492e+006	3.75763e+006	3.78943e+006	4.21149e+006	3.6951e+006	4.18965e+006	4.07154e+006	3.54528e+006	4.26422e+006
 34.6	2.45409e+006	2.5302e+006	2.55599e+006	2.78709e+006	2.73323e+006	2.43467e+006	2.54517e+006	2.47804e+006	3.88048e+006	3.92843e+006	3.90497e+006	4.03888e+006	4.12614e+006	3.6488e+006	3.99411e+006	3.83007e+006	4.30352e+006	4.66976e+006	4.40044e+006	4.1607e+006	4.56687e+006	4.10214e+006	4.23408e+006	4.3777e+006	4.03622e+006	4.05318e+006	4.40664e+006	4.28199e+006	4.27888e+006	3.82507e+006	3.97865e+006	4.45718e+006	3.88515e+006	4.33659e+006	4.05809e+006	3.92257e+006	4.397e+006	4.21408e+006	3.83948e+006	4.08326e+006	3.81793e+006	4.01814e+006	4.22856e+006	3.97564e+006	3.85607e+006	4.32855e+006	3.83135e+006	3.83073e+006	4.21246e+006	3.6906e+006	4.33173e+006	3.9407e+006	3.49491e+006	4.36596e+006
 35.9	2.60332e+006	2.56781e+006	2.4826e+006	2.58896e+006	2.81466e+006	2.40878e+006	2.52264e+006	2.48166e+006	3.92368e+006	4.05617e+006	3.78501e+006	4.15884e+006	4.06995e+006	3.75589e+006	4.01015e+006	3.84389e+006	4.2801e+006	4.46666e+006	4.40817e+006	4.286e+006	4.51419e+006	4.22157e+006	4.16174e+006	4.3256e+006	4.07905e+006	4.1802e+006	4.09244e+006	4.35724e+006	4.41679e+006	3.97399e+006	4.09493e+006	4.36468e+006	4.12297e+006	4.2411e+006	4.2464e+006	3.8326e+006	4.20661e+006	4.05308e+006	3.94994e+006	4.12461e+006	3.91896e+006	4.09593e+006	4.10116e+006	3.73279e+006	3.78469e+006	4.28574e+006	3.87542e+006	3.66294e+006	4.22979e+006	3.70774e+006	4.31699e+006	4.12555e+006	3.67574e+006	4.31017e+006
 37.2	2.4276e+006	2.61462e+006	2.49969e+006	2.76019e+006	2.8824e+006	2.42865e+006	2.52127e+006	2.49269e+006	3.96821e+006	4.11275e+006	4.11771e+006	4.09518e+006	3.94278e+006	3.96455e+006	3.92024e+006	3.8912e+006	4.17571e+006	4.56384e+006	4.48739e+006	4.25347e+006	4.52175e+006	4.16491e+006	4.2402e+006	4.35833e+006	4.04689e+006	4.22642e+006	4.18848e+006	4.42148e+006	4.34494e+006	4.09477e+006	4.07844e+006	4.53189e+006	4.04978e+006	4.36841e+006	4.26568e+006	3.8844e+006	4.07742e+006	4.06626e+006	3.87481e+006	4.12365e+006	3.97002e+006	4.13682e+006	4.18875e+006	3.82156e+006	3.79891e+006	4.19333e+006	3.83811e+006	3.81144e+006	4.43969e+006	3.77052e+006	4.30568e+006	4.26518e+006	3.66321e+006	4.50002e+006
 38.5	2.47707e+006	2.72059e+006	2.44631e+006	2.80193e+006	2.8768e+006	2.39424e+006	2.6237e+006	2.49633e+006	3.84291e+006	3.91015e+006	4.02555e+006	4.14733e+006	4.16902e+006	3.71357e+006	3.90492e+006	3.8731e+006	4.19625e+006	4.47982e+006	4.37231e+006	4.40217e+006	4.51989e+006	4.30932e+006	4.18008e+006	4.52321e+006	3.94077e+006	4.37818e+006	4.13115e+006	4.45859e+006	4.16481e+006	3.75697e+006	4.29393e+006	4.38834e+006	3.99883e+006	4.22646e+006	4.13646e+006	3.91669e+006	4.20412e+006	4.11107e+006	3.78472e+006	4.17023e+006	3.88765e+006	4.14665e+006	4.30894e+006	3.85752e+006	3.85473e+006	4.22447e+006	3.92984e+006	3.97808e+006	4.20864e+006	3.83714e+006	4.21672e+006	4.15617e+006	3.68631e+006	4.45116e+006
 40.0	2.45803e+006	2.64631e+006	2.48086e+006	2.74343e+006	2.80353e+006	2.52409e+006	2.53388e+006	2.3595e+006	4.03576e+006	4.07266e+006	4.06264e+006	4.20249e+006	4.16783e+006	3.81493e+006	3.94889e+006	3.80956e+006	4.17516e+006	4.5379e+006	4.61408e+006	4.2448e+006	4.45002e+006	4.13179e+006	4.17115e+006	4.53043e+006	4.09569e+006	4.36961e+006	4.23841e+006	4.41989e+006	4.26522e+006	3.97001e+006	4.21291e+006	4.506e+006	4.00029e+006	4.43669e+006	4.36297e+006	3.96469e+006	4.22347e+006	4.04645e+006	3.90599e+006	4.07837e+006	3.86739e+006	4.16738e+006	4.45389e+006	3.67749e+006	3.92526e+006	4.47069e+006	3.86121e+006	4.04183e+006	4.24322e+006	3.68145e+006	4.31383e+006	4.19075e+006	3.74682e+006	4.32818e+006
 41.4	2.41963e+006	2.69866e+006	2.4249e+006	2.72643e+006	2.67931e+006	2.4621e+006	2.48445e+006	2.42587e+006	3.88349e+006	4.01325e+006	3.96432e+006	4.14599e+006	4.10516e+006	3.81312e+006	4.01449e+006	3.86377e+006	4.25612e+006	4.41582e+006	4.4762e+006	4.30637e+006	4.47752e+006	4.13849e+006	4.15749e+006	4.5431e+006	4.08306e+006	4.29637e+006	4.34034e+006	4.52081e+006	4.20425e+006	3.83842e+006	4.23285e+006	4.48945e+006	4.06276e+006	4.38098e+006	4.10051e+006	3.87502e+006	4.24195e+006	4.18276e+006	3.69e+006	4.07654e+006	3.91468e+006	4.10982e+006	4.17194e+006	3.82028e+006	3.85344e+006	4.40465e+006	3.82588e+006	3.9994e+006	4.29212e+006	3.73719e+006	4.27798e+006	4.16176e+006	3.777e+006	4.42793e+006
 42.9	2.45841e+006	2.6328e+006	2.42538e+006	2.75482e+006	2.63428e+006	2.38106e+006	2.50923e+006	2.41293e+006	3.78515e+006	3.92336e+006	3.90871e+006	4.17499e+006	4.15829e+006	3.73498e+006	3.85866e+006	3.88488e+006	4.18015e+006	4.38795e+006	4.33059e+006	4.37052e+006	4.4241e+006	4.07365e+006	4.12075e+006	4.32374e+006	4.0848e+006	4.27091e+006	4.25659e+006	4.54293e+006	4.19779e+006	3.7427e+006	4.03752e+006	4.46587e+006	3.97194e+006	4.20844e+006	4.11735e+006	3.85766e+006	4.30879e+006	4.01439e+006	3.79251e+006	4.11085e+006	3.81541e+006	3.95791e+006	4.18627e+006	3.77371e+006	3.92359e+006	4.25021e+006	3.70637e+006	3.97191e+006	4.19612e+006	3.73933e+006	4.05832e+006	4.10977e+006	3.64875e+006	4.32697e+006
 44.5	2.38618e+006	2.56992e+006	2.36168e+006	2.65078e+006	2.72206e+006	2.35814e+006	2.52788e+006	2.2926e+006	3.69941e+006	3.90656e+006	3.89893e+006	4.09253e+006	3.93049e+006	3.70184e+006	3.86734e+006	3.80576e+006	4.21264e+006	4.3764e+006	4.41377e+006	4.18706e+006	4.39615e+006	4.05694e+006	4.11611e+006	4.25136e+006	4.01646e+006	4.08879e+006	4.12233e+006	4.50088e+006	4.29124e+006	3.82495e+006	3.95613e+006	4.13508e+006	3.96817e+006	4.0246e+006	4.07602e+006	3.84129e+006	4.03511e+006	4.06431e+006	3.69186e+006	4.07498e+006	3.86061e+006	4.025e+006	4.08897e+006	3.69894e+006	3.86594e+006	4.14296e+006	3.89663e+006	3.946e+006	4.25125e+006	3.70235e+006	4.15843e+006	4.24511e+006	3.68024e+006	4.40007e+006
 46.1	2.35086e+006	2.62267e+006	2.37973e+006	2.51104e+006	2.6117e+006	2.39932e+006	2.44062e+006	2.2203e+006	3.68078e+006	3.86518e+006	3.81564e+006	4.0735e+006	3.954e+006	3.46744e+006	3.89337e+006	3.87351e+006	4.19346e+006	4.30629e+006	4.24514e+006	4.16457e+006	4.3916e+006	4.03062e+006	3.98785e+006	4.26459e+006	3.97504e+006	4.32848e+006	4.10853e+006	4.24431e+006	4.17432e+006	3.8124e+006	4.10679e+006	4.12305e+006	3.80834e+006	4.04077e+006	4.10975e+006	3.9403e+006	4.11427e+006	3.83235e+006	3.76059e+006	3.98816e+006	3.75908e+006	3.98015e+006	4.10141e+006	3.67226e+006	3.96728e+006	4.23006e+006	3.68548e+006	3.94261e+006	4.2093e+006	3.685e+006	4.27459e+006	4.02245e+006	3.56252e+006	4.23556e+006
 47.8	2.292e+006	2.5116e+006	2.41111e+006	2.51424e+006	2.49274e+006	2.31337e+006	2.47291e+006	2.17054e+006	3.5692e+006	3.75721e+006	3.64753e+006	3.96303e+006	3.68952e+006	3.55868e+006	3.83211e+006	3.77273e+006	3.98648e+006	4.11192e+006	4.24603e+006	4.1345e+006	4.22333e+006	4.017e+006	4.10566e+006	4.1747e+006	4.02371e+006	4.29514e+006	4.11111e+006	4.26051e+006	4.03673e+006	3.78007e+006	3.86457e+006	4.08614e+006	3.79826e+006	4.25371e+006	4.15086e+006	3.667e+006	4.05668e+006	3.78147e+006	3.70073e+006	4.00124e+006	3.75794e+006	3.82276e+006	3.99324e+006	3.59621e+006	3.75079e+006	4.15472e+006	3.66873e+006	3.85938e+006	4.12552e+006	3.68685e+006	4.029e+006	4.03051e+006	3.4873e+006	4.18559e+006
 49.6	2.39906e+006	2.6118e+006	2.17838e+006	2.33513e+006	2.50037e+006	2.28106e+006	2.27874e+006	2.09664e+006	3.524e+006	3.67192e+006	3.76747e+006	3.96027e+006	3.83437e+006	3.42794e+006	3.65501e+006	3.64909e+006	3.94859e+006	3.93869e+006	4.19792e+006	4.17882e+006	4.1403e+006	3.87257e+006	4.01128e+006	4.16879e+006	3.88449e+006	4.06005e+006	3.97336e+006	4.28648e+006	4.10717e+006	3.63954e+006	3.79807e+006	3.95341e+006	3.71425e+006	3.92564e+006	4.03643e+006	3.66743e+006	4.03455e+006	3.73685e+006	3.6516e+006	3.97761e+006	3.74322e+006	3.76538e+006	3.93771e+006	3.56362e+006	3.67443e+006	4.11552e+006	3.53461e+006	3.71844e+006	4.06918e+006	3.53522e+006	3.87561e+006	4.01936e+006	3.52251e+006	4.19426e+006
 51.4	2.27984e+006	2.48915e+006	2.14605e+006	2.28315e+006	2.28009e+006	2.18614e+006	2.34104e+006	2.06486e+006	3.33465e+006	3.58575e+006	3.50602e+006	3.90296e+006	3.71991e+006	3.36611e+006	3.63365e+006	3.54564e+006	3.85366e+006	3.87722e+006	4.11751e+006	4.09868e+006	4.04436e+006	3.91265e+006	3.91391e+006	4.02738e+006	3.94129e+006	4.06286e+006	3.84004e+006	4.13475e+006	4.02741e+006	3.60902e+006	3.63707e+006	3.94027e+006	3.70707e+006	3.91419e+006	4.01303e+006	3.67754e+006	3.90985e+006	3.60557e+006	3.59722e+006	3.86606e+006	3.59841e+006	3.69919e+006	3.78628e+006	3.44963e+006	3.74685e+006	4.10864e+006	3.47894e+006	3.68605e+006	3.93609e+006	3.43225e+006	3.81862e+006	3.83731e+006	3.50172e+006	4.14061e+006
 53.3	2.23274e+006	2.47229e+006	2.10172e+006	2.35124e+006	2.26534e+006	2.19557e+006	2.15698e+006	2.07437e+006	3.18537e+006	3.46225e+006	3.4515e+006	3.7071e+006	3.63097e+006	3.32699e+006	3.5714e+006	3.56735e+006	3.83216e+006	3.81522e+006	4.13288e+006	3.96689e+006	4.02521e+006	3.80233e+006	3.76579e+006	3.9126e+006	3.84578e+006	3.89787e+006	3.7256e+006	3.99863e+006	3.90526e+006	3.40816e+006	3.62871e+006	3.81574e+006	3.59185e+006	3.8583e+006	3.93544e+006	3.54733e+006	3.87816e+006	3.43561e+006	3.49619e+006	3.69667e+006	3.48688e+006	3.59509e+006	3.74357e+006	3.39379e+006	3.62694e+006	3.95313e+006	3.42583e+006	3.48719e+006	3.74705e+006	3.48631e+006	3.7369e+006	3.66741e+006	3.5428e+006	4.15431e+006
 55.2	2.19711e+006	2.32268e+006	1.91978e+006	2.19761e+006	2.1102e+006	2.06821e+006	2.16739e+006	1.95796e+006	3.15894e+006	3.28675e+006	3.4377e+006	3.60487e+006	3.50318e+006	3.05899e+006	3.54417e+006	3.41955e+006	3.67966e+006	3.72582e+006	3.86956e+006	3.8622e+006	3.75872e+006	3.67746e+006	3.63541e+006	3.74823e+006	3.65324e+006	3.78797e+006	3.48287e+006	3.93631e+006	3.68355e+006	3.3955e+006	3.47927e+006	3.68543e+006	3.48864e+006	3.66812e+006	3.89517e+006	3.43618e+006	3.75589e+006	3.38899e+006	3.44175e+006	3.59373e+006	3.38529e+006	3.47495e+006	3.61155e+006	3.26062e+006	3.47417e+006	3.92405e+006	3.1945e+006	3.64238e+006	3.74266e+006	3.39875e+006	3.66636e+006	3.56448e+006	3.30756e+006	3.79508e+006
 57.3	2.10887e+006	2.24387e+006	1.89344e+006	2.22816e+006	2.08446e+006	2.00582e+006	2.07056e+006	2.0066e+006	3.02378e+006	3.24261e+006	3.37421e+006	3.55075e+006	3.29897e+006	3.10218e+006	3.36673e+006	3.28822e+006	3.47863e+006	3.57806e+006	3.71087e+006	3.77764e+006	3.62239e+006	3.58819e+006	3.54881e+006	3.62456e+006	3.43491e+006	3.74256e+006	3.42287e+006	3.81439e+006	3.60531e+006	3.35188e+006	3.43531e+006	3.61608e+006	3.32426e+006	3.61641e+006	3.53399e+006	3.37304e+006	3.60043e+006	3.39403e+006	3.32763e+006	3.5021e+006	3.34017e+006	3.4676e+006	3.44727e+006	3.18052e+006	3.45019e+006	3.65736e+006	3.31309e+006	3.30034e+006	3.64027e+006	3.41147e+006	3.48339e+006	3.44157e+006	3.17212e+006	3.97966e+006
 59.4	1.98892e+006	2.11279e+006	1.78082e+006	2.0396e+006	1.95812e+006	1.9518e+006	1.94128e+006	1.8677e+006	2.8322e+006	3.08102e+006	3.15896e+006	3.34894e+006	3.12393e+006	2.93912e+006	3.2458e+006	3.15877e+006	3.42172e+006	3.38316e+006	3.69368e+006	3.55724e+006	3.50622e+006	3.27855e+006	3.39484e+006	3.52044e+006	3.37335e+006	3.3738e+006	3.34014e+006	3.49847e+006	3.49709e+006	3.2539e+006	3.23921e+006	3.45166e+006	3.10461e+006	3.43711e+006	3.60616e+006	3.13152e+006	3.51506e+006	3.10788e+006	3.21151e+006	3.46164e+006	3.23452e+006	3.26522e+006	3.45032e+006	3.08621e+006	3.3857e+006	3.57879e+006	3.13386e+006	3.21759e+006	3.52754e+006	3.16047e+006	3.54623e+006	3.28443e+006	3.10447e+006	3.66827e+006
 61.5	1.90971e+006	1.97534e+006	1.69254e+006	1.96042e+006	1.79577e+006	1.83195e+006	1.77826e+006	1.778e+006	2.68638e+006	2.89732e+006	3.05759e+006	3.18894e+006	3.03468e+006	2.79747e+006	3.05401e+006	3.03491e+006	3.30535e+006	3.31308e+006	3.39792e+006	3.4541e+006	3.15606e+006	3.19787e+006	3.15184e+006	3.36181e+006	3.13569e+006	3.18919e+006	3.11971e+006	3.37384e+006	3.33844e+006	3.13816e+006	3.22306e+006	3.30766e+006	3.07255e+006	3.3765e+006	3.55304e+006	3.04148e+006	3.39544e+006	2.93966e+006	2.91345e+006	3.14901e+006	3.1229e+006	3.07585e+006	3.35138e+006	2.92088e+006	3.16554e+006	3.49625e+006	2.95606e+006	3.16072e+006	3.28893e+006	3.10945e+006	3.33365e+006	3.0937e+006	2.93113e+006	3.5039e+006
 63.8	1.83442e+006	1.90131e+006	1.62653e+006	1.9107e+006	1.74515e+006	1.77224e+006	1.72378e+006	1.82026e+006	2.65109e+006	2.84362e+006	2.86426e+006	2.95773e+006	2.93328e+006	2.68927e+006	2.80673e+006	2.80822e+006	3.14906e+006	3.17312e+006	3.32526e+006	3.35712e+006	3.23498e+006	3.11119e+006	3.03243e+006	3.25676e+006	3.00755e+006	3.05425e+006	2.90324e+006	3.20206e+006	3.12149e+006	2.89306e+006	3.00313e+006	3.14917e+006	2.99901e+006	3.09408e+006	3.28096e+006	2.83082e+006	3.09106e+006	2.95957e+006	2.87169e+006	3.05602e+006	2.8993e+006	2.88235e+006	2.99612e+006	2.75189e+006	2.94755e+006	3.21642e+006	2.75814e+006	3.01896e+006	3.17654e+006	2.95706e+006	3.16814e+006	3.00436e+006	2.79902e+006	3.37418e+006
 66.1	1.75008e+006	1.80072e+006	1.54907e+006	1.70589e+006	1.52919e+006	1.53724e+006	1.60115e+006	1.66926e+006	2.45829e+006	2.71843e+006	2.65506e+006	2.8448e+006	2.62473e+006	2.4834e+006	2.71185e+006	2.70386e+006	2.96841e+006	3.01108e+006	3.15696e+006	3.14311e+006	2.91373e+006	2.90976e+006	2.83016e+006	2.93125e+006	2.86114e+006	2.96349e+006	2.78697e+006	3.02636e+006	2.99257e+006	2.83317e+006	2.87849e+006	2.96143e+006	2.80679e+006	3.01618e+006	3.03329e+006	2.65241e+006	2.96253e+006	2.77423e+006	2.75584e+006	2.92716e+006	2.7313e+006	2.63749e+006	2.95755e+006	2.655e+006	2.91032e+006	3.04958e+006	2.64524e+006	2.89173e+006	2.92191e+006	2.73839e+006	2.9559e+006	2.86696e+006	2.76462e+006	3.04317e+006
 68.5	1.63278e+006	1.67921e+006	1.41407e+006	1.65839e+006	1.44469e+006	1.4566e+006	1.51295e+006	1.56471e+006	2.37047e+006	2.35165e+006	2.52741e+006	2.64521e+006	2.49315e+006	2.31917e+006	2.53946e+006	2.52777e+006	2.79038e+006	2.85629e+006	2.87451e+006	2.95334e+006	2.74835e+006	2.60413e+006	2.63638e+006	2.88884e+006	2.74889e+006	2.67583e+006	2.51708e+006	2.84717e+006	2.79026e+006	2.60835e+006	2.62111e+006	2.91245e+006	2.69282e+006	2.83278e+006	2.81348e+006	2.4532e+006	2.83601e+006	2.53872e+006	2.61607e+006	2.82513e+006	2.62332e+006	2.63053e+006	2.76094e+006	2.46129e+006	2.67786e+006	2.87439e+006	2.53708e+006	2.69422e+006	2.76683e+006	2.64714e+006	2.91506e+006	2.67832e+006	2.44492e+006	2.85044e+006
 71.0	1.50161e+006	1.59928e+006	1.3378e+006	1.54775e+006	1.25323e+006	1.3473e+006	1.38839e+006	1.47182e+006	2.13195e+006	2.16414e+006	2.30397e+006	2.32528e+006	2.25988e+006	2.15058e+006	2.35791e+006	2.30678e+006	2.50841e+006	2.75834e+006	2.69867e+006	2.71352e+006	2.55964e+006	2.41969e+006	2.52823e+006	2.56387e+006	2.44626e+006	2.50576e+006	2.33322e+006	2.67337e+006	2.58209e+006	2.46766e+006	2.53616e+006	2.61135e+006	2.45845e+006	2.68091e+006	2.7124e+006	2.3014e+006	2.54529e+006	2.39343e+006	2.53168e+006	2.55411e+006	2.40599e+006	2.43127e+006	2.58812e+006	2.26155e+006	2.55588e+006	2.79047e+006	2.37309e+006	2.50242e+006	2.60414e+006	2.5458e+006	2.6783e+006	2.51056e+006	2.4073e+006	2.81219e+006
 73.7	1.42633e+006	1.43997e+006	1.20253e+006	1.42663e+006	1.18763e+006	1.2261e+006	1.28111e+006	1.39522e+006	1.91555e+006	2.12291e+006	2.16961e+006	2.18514e+006	2.14341e+006	2.06737e+006	2.11472e+006	2.29252e+006	2.42464e+006	2.48593e+006	2.53744e+006	2.57076e+006	2.37414e+006	2.32019e+006	2.29079e+006	2.47052e+006	2.31277e+006	2.30327e+006	2.21471e+006	2.54908e+006	2.3497e+006	2.25301e+006	2.3077e+006	2.44842e+006	2.23708e+006	2.43229e+006	2.42679e+006	2.14054e+006	2.34681e+006	2.28307e+006	2.27967e+006	2.38973e+006	2.24231e+006	2.39445e+006	2.36188e+006	2.16289e+006	2.25908e+006	2.42271e+006	2.0806e+006	2.40699e+006	2.43198e+006	2.24527e+006	2.43347e+006	2.32861e+006	2.23546e+006	2.50826e+006
 76.4	1.26551e+006	1.38549e+006	1.10303e+006	1.34114e+006	1.07398e+006	1.09134e+006	1.10605e+006	1.27233e+006	1.7978e+006	1.98993e+006	2.02949e+006	2.03661e+006	1.93186e+006	1.90535e+006	2.06801e+006	1.95361e+006	2.1786e+006	2.26075e+006	2.39382e+006	2.35079e+006	2.1049e+006	2.11299e+006	2.07949e+006	2.21612e+006	2.11992e+006	2.1008e+006	2.06098e+006	2.25539e+006	2.18139e+006	2.13636e+006	2.16962e+006	2.25507e+006	2.15412e+006	2.26141e+006	2.32609e+006	1.96322e+006	2.21539e+006	2.00878e+006	2.08541e+006	2.24283e+006	2.04244e+006	2.06228e+006	2.15355e+006	1.98197e+006	2.15542e+006	2.29974e+006	2.01809e+006	2.20544e+006	2.28487e+006	2.17313e+006	2.25564e+006	2.08614e+006	2.07473e+006	2.38193e+006
 79.1	1.11415e+006	1.20011e+006	1.08056e+006	1.1852e+006	953471	982909	1.04434e+006	1.19286e+006	1.55725e+006	1.80475e+006	1.78049e+006	1.82163e+006	1.8403e+006	1.69876e+006	1.81974e+006	1.78665e+006	2.07315e+006	2.12775e+006	2.18095e+006	2.12218e+006	1.94374e+006	1.88426e+006	1.87367e+006	1.99682e+006	1.95283e+006	2.01324e+006	1.8144e+006	2.09438e+006	2.0536e+006	1.99264e+006	1.98824e+006	2.06892e+006	1.98751e+006	2.09774e+006	2.13523e+006	1.80373e+006	2.04045e+006	1.86923e+006	1.93759e+006	2.06685e+006	1.89628e+006	1.96904e+006	1.9763e+006	1.83996e+006	2.01247e+006	2.13056e+006	1.82342e+006	2.07028e+006	2.12686e+006	1.88508e+006	2.15731e+006	2.0317e+006	1.9143e+006	2.17491e+006
 82.0	1.07628e+006	1.1347e+006	888935	1.04662e+006	871723	941362	896944	1.06815e+006	1.48893e+006	1.55096e+006	1.65071e+006	1.63585e+006	1.60298e+006	1.58541e+006	1.6943e+006	1.63157e+006	1.85209e+006	1.91659e+006	1.9882e+006	1.9886e+006	1.79657e+006	1.69678e+006	1.78303e+006	1.83597e+006	1.78167e+006	1.70592e+006	1.70309e+006	1.93457e+006	1.89809e+006	1.71406e+006	1.77897e+006	1.88523e+006	1.78724e+006	1.93661e+006	1.90893e+006	1.59549e+006	1.89439e+006	1.71477e+006	1.75443e+006	1.84757e+006	1.67797e+006	1.72032e+006	1.87327e+006	1.65693e+006	1.80404e+006	1.87532e+006	1.69137e+006	1.81354e+006	1.77393e+006	1.75862e+006	1.9679e+006	1.77067e+006	1.7335e+006	1.92233e+006
 85.1	971341	1.03027e+006	828228	956992	765149	812295	830654	993649	1.29047e+006	1.35703e+006	1.42981e+006	1.5018e+006	1.49213e+006	1.4474e+006	1.48922e+006	1.45256e+006	1.64287e+006	1.76506e+006	1.70107e+006	1.82513e+006	1.60986e+006	1.56682e+006	1.53246e+006	1.69546e+006	1.60412e+006	1.55756e+006	1.49299e+006	1.72484e+006	1.70301e+006	1.52796e+006	1.66854e+006	1.70311e+006	1.63107e+006	1.70442e+006	1.72532e+006	1.4785e+006	1.6384e+006	1.60638e+006	1.59343e+006	1.66763e+006	1.59351e+006	1.57205e+006	1.67659e+006	1.51002e+006	1.59917e+006	1.67887e+006	1.47443e+006	1.70102e+006	1.71673e+006	1.64653e+006	1.72362e+006	1.6222e+006	1.51742e+006	1.72846e+006
 88.2	841679	911351	714190	875440	665068	745806	705850	841925	1.16472e+006	1.26542e+006	1.25325e+006	1.34807e+006	1.27766e+006	1.26126e+006	1.36289e+006	1.28766e+006	1.46638e+006	1.55922e+006	1.59955e+006	1.61435e+006	1.48345e+006	1.33215e+006	1.42123e+006	1.47957e+006	1.43939e+006	1.44877e+006	1.32163e+006	1.61285e+006	1.55248e+006	1.37193e+006	1.53378e+006	1.56081e+006	1.43983e+006	1.49175e+006	1.53206e+006	1.2948e+006	1.49857e+006	1.48051e+006	1.42033e+006	1.46279e+006	1.3772e+006	1.44442e+006	1.4946e+006	1.30643e+006	1.50736e+006	1.49279e+006	1.35781e+006	1.53225e+006	1.55849e+006	1.46679e+006	1.54522e+006	1.46601e+006	1.44153e+006	1.58551e+006
 91.4	783031	819753	657066	744745	561908	597123	657704	759823	1.01182e+006	1.11318e+006	1.14968e+006	1.16131e+006	1.14577e+006	1.07992e+006	1.21321e+006	1.14046e+006	1.36404e+006	1.40579e+006	1.43123e+006	1.43679e+006	1.34078e+006	1.25815e+006	1.27238e+006	1.30635e+006	1.24358e+006	1.23631e+006	1.23429e+006	1.35552e+006	1.36253e+006	1.25189e+006	1.32083e+006	1.40978e+006	1.30849e+006	1.32696e+006	1.3849e+006	1.16631e+006	1.30935e+006	1.22599e+006	1.32052e+006	1.33781e+006	1.19974e+006	1.29988e+006	1.31331e+006	1.20018e+006	1.30599e+006	1.3453e+006	1.21932e+006	1.30215e+006	1.38464e+006	1.30438e+006	1.35575e+006	1.25972e+006	1.26431e+006	1.38864e+006
 94.7	703216	707064	558852	659745	469774	566616	579417	677588	894217	1.00166e+006	1.03351e+006	1.07352e+006	1.00151e+006	953384	1.08475e+006	1.0185e+006	1.18682e+006	1.23555e+006	1.21837e+006	1.21802e+006	1.19155e+006	1.03933e+006	1.1048e+006	1.1597e+006	1.13475e+006	1.13036e+006	1.06332e+006	1.19645e+006	1.13087e+006	1.10767e+006	1.20225e+006	1.22645e+006	1.11043e+006	1.18753e+006	1.17788e+006	1.07837e+006	1.16247e+006	1.10818e+006	1.1191e+006	1.25225e+006	1.10979e+006	1.13068e+006	1.16326e+006	1.08391e+006	1.07493e+006	1.17129e+006	1.05748e+006	1.19324e+006	1.17381e+006	1.11247e+006	1.22992e+006	1.13916e+006	1.1523e+006	1.24192e+006
 98.2	596084	602092	495143	565951	439069	484486	465076	612559	781170	836610	866738	912026	893058	894715	952869	877223	1.10304e+006	1.11439e+006	1.12457e+006	1.12923e+006	1.02223e+006	947002	977313	1.0384e+006	1.0137e+006	1.01776e+006	915574	1.08753e+006	1.07372e+006	991809	1.03178e+006	1.0534e+006	985362	1.08144e+006	1.06031e+006	941270	1.04718e+006	990099	1.03765e+006	1.04772e+006	952939	992955	1.01506e+006	923070	1.04718e+006	1.06212e+006	958135	1.09188e+006	1.09081e+006	994577	1.10885e+006	1.01237e+006	1.02214e+006	1.11412e+006
101.8	524061	544417	400997	508151	399204	467405	409596	545334	689608	716973	780968	801167	802831	756496	779791	781675	958667	966288	962631	937252	863426	870771	802918	954665	839946	875111	797371	972585	959607	819308	937925	905811	921564	981719	905520	815678	892890	852453	878489	905120	902364	861875	961948	846041	872444	939794	843123	968710	931340	874878	942029	902394	870448	982404
105.5	457745	480758	381160	436642	328081	347650	344941	491401	613607	650887	652315	686859	670094	682980	684150	668127	847103	905317	814200	834992	758412	715453	730959	758221	771747	740926	717209	836650	832425	776347	800063	884435	812492	813619	802319	766387	750382	786503	743669	868830	770443	781079	801843	753159	764489	797278	742878	872388	804929	804213	823510	814032	768729	855148
109.4	342808	435255	350163	372618	289755	304626	303260	410475	525489	538558	581464	575655	572167	564320	629212	552357	723593	738857	709848	735703	663464	647136	628287	650033	672137	698478	579741	730614	731040	660174	735328	747566	680757	691685	698980	599883	727010	643597	668575	685552	662920	671183	656676	632407	649191	675592	620729	724188	741669	660472	746468	665237	689776	740878
113.4	286104	368695	268571	313933	231668	255105	255239	347811	455686	479944	519315	525198	543587	515554	519254	486512	647253	655244	596141	638619	577084	574825	543973	592610	582589	597443	499463	606813	640819	606659	616971	639557	572905	636809	584114	532843	592961	573060	606808	591664	559413	596483	633218	561828	634915	597202	519380	649757	632742	551271	597545	612619	573429	648184
117.6	233833	297624	237680	285024	196509	207904	219804	307069	395383	425927	447598	469718	419357	406712	477391	460629	540021	557989	563091	532584	509645	481447	491580	518436	467473	474559	423720	573665	539579	496279	517435	521795	494063	541880	554044	463275	518115	481531	540852	550756	498783	550685	520703	478554	483637	539879	466682	544431	540783	499423	560881	516009	541387	551374
121.9	231479	236329	204549	234540	176574	170024	180289	261134	328773	361407	351801	385815	397707	341345	396476	379263	480966	469585	457553	454849	422960	450638	391720	434452	453472	418214	367684	450095	463350	465002	469185	475574	434505	475209	429504	406831	459601	428330	434971	487575	394664	445375	474461	407464	424125	459734	423886	478348	468647	440341	478234	447668	468462	508566
126.3	190956	222437	178672	186894	149443	149899	156741	222401	268609	315727	302063	314498	324904	317971	354095	353593	419159	421508	414919	396560	403067	375091	369338	361413	374948	407613	332524	412520	427469	362541	404209	406229	379150	375775	393473	352121	401472	346327	390352	405367	365686	380312	377551	387152	370280	386178	352328	440930	410778	378430	412074	387413	369633	407993
131.0	163887	190411	145851	151859	119339	132249	133518	177147	267422	262157	268323	298654	281053	252025	282762	286476	365455	370128	348355	345400	317427	308036	324564	320321	314729	313295	305380	382439	354821	336520	335541	358267	329248	344775	318649	314065	357133	326020	317448	361608	292917	349801	357064	320385	304159	339426	324903	380253	357902	330412	320564	337441	328698	375519
135.8	135430	160426	119935	151799	127101	107819	117116	147404	201547	234828	224305	252721	252470	235807	264232	265912	305810	298626	287630	285328	268720	277516	277571	257016	280745	285227	246939	295465	307392	263209	277172	300471	271190	311988	298962	282006	285240	275353	284857	315862	282696	290290	313762	282307	290785	293552	255687	294823	301739	284425	304431	295486	285187	314904
140.7	115924	128945	111758	123372	86591	96599.2	97783	135561	200842	173224	181051	212986	215152	199752	222610	216428	256435	291418	248454	274730	218729	243472	222843	220134	225902	238089	215678	286607	261142	276189	239161	247947	232905	250940	244799	239027	261240	205540	229179	256194	251643	255910	241874	229659	260061	250608	245629	276008	253442	261392	232512	219317	250203	267364
145.9	98605.5	106550	103701	93525.6	74870.6	75978	82466.9	112842	148433	161446	161629	176658	151915	157992	196347	188292	211116	216568	232895	240424	195657	192267	207913	193679	202091	199277	182581	225382	192224	223595	219938	222775	194852	242403	216854	175244	228245	195771	198301	231795	202052	207057	229371	197529	189883	242142	193029	244547	245458	198268	209559	217203	197237	221558
151.2	83791.2	90342.2	91542.9	92383	53513.1	67702.9	82151.5	99015.1	135667	126076	132143	145105	144707	129812	156783	154229	174158	196607	202613	211371	180100	161212	169259	169499	172113	186813	134267	183965	194742	191798	175563	197639	169741	193706	188269	158935	174345	155434	168188	197904	168809	195469	179396	165540	181058	205512	167159	190716	187874	190115	182046	189130	170545	194687
156.8	59406.4	75310.1	63274.2	68982	54167.8	44095.3	66014.3	73504.3	115429	102657	119840	142064	116025	105277	118358	134455	132961	163500	131189	164561	127921	131517	136006	151664	127262	131276	124166	156479	157530	144724	145859	153551	124867	166923	143650	132358	152575	136777	154250	153168	141860	133860	147249	117804	159891	158989	136737	171403	181256	152200	160478	146481	146628	170348
162.5	46100.2	74758.3	55250.7	57418.5	50869.5	43421	56178.1	69173.1	89311	88092.4	96714.9	112438	98418.8	96808.8	125600	113596	135915	154057	134222	142435	127022	113823	128302	127137	115348	132782	119520	138819	143693	124646	127854	128217	131685	143074	138509	125306	136240	116221	138446	152283	127394	134271	129300	117921	111868	126353	125639	154950	137483	119289	135641	138305	139089	148469
168.5	59944.8	63727.9	48587.4	52839.5	34843.9	36424.9	40668.7	56532.2	75471	93677.8	83992.4	98186.5	96497.5	78473.5	96633.7	100324	108147	123295	118685	102772	106437	113537	91145.3	110834	91053.2	119130	90109.3	116429	134996	99372.4	113595	116055	90368.9	93134.8	113496	103572	106837	100701	112311	118226	115503	106753	123459	94639.7	116007	117498	116116	132115	120234	111938	117544	120806	104040	127830
174.7	38777.4	43050.6	44151.5	50509.7	42215.7	28507.1	37727.1	34359.5	74027.2	59413	64191.7	72191.4	70464.3	79644.6	72784.2	80566.2	97098.2	96505.2	101593	101371	86225.4	78833.9	81149.6	90201	88545.9	97462.9	72394.5	103172	99032.3	74112.9	114116	89445.3	85004.6	88900	97847.7	107836	99664	79711.8	92483.4	106492	91540.3	109366	106662	88858.5	91182.3	97563.2	96619.2	116133	89855.9	104800	98610.7	85625.3	99359.2	113113
181.1	37730.8	48225.1	41038.8	27491.4	31501.2	20424.5	30694	33025.7	54893.3	59244.2	49162.8	69901	64658.3	77867.4	70074.6	67236.5	88310.6	88791.5	81734.5	86944.9	69748.8	71905	54916.2	72134.7	69324.8	82616.3	66426.8	76758	75273.5	72748.7	77088.5	77345.6	92120.9	94577.3	84163.3	79648.6	87205.5	70480.9	79854.5	83982.8	73393.3	81406.5	80489.1	66222.5	83462.3	89329.2	77061.2	86890.4	71148.7	75195.3	95467	78661.1	78481.6	82853.3
187.7	33249.5	33102.6	33999.5	36183.2	19739.4	23943.1	21380	42700.5	48432.4	52648.3	55781.3	52707.4	62508.7	56294.2	54188.4	53786.2	60492.4	83193.9	71978.5	69923.1	58747.7	61260.8	62375.6	58729.9	60354.1	68735.6	60308.4	76507	72143.2	75925.2	82495.2	75018.8	65297.6	73937.7	78053.5	60063.1	72401.8	56491.2	64533.8	63203.7	78557.4	74429.4	64456.4	61158	73635	76382.7	57180.8	76102.9	76552.8	56770.3	66839.2	61046.4	68279.8	77458.5
194.6	24365.2	23883.3	31194.7	30724.5	15939.7	17798.1	21210.6	26937.5	46060.1	42039.8	49239.8	45923.1	49677.3	43312.7	47519.7	37203.7	57190.5	68698.8	62335.5	59140.2	41350.8	46682.2	52090.8	60757.8	57161.6	50431	51041.6	60858.1	65443.6	57931.5	59956.1	66946.9	54812.1	73571.9	59444.2	57601.7	55887.6	49410.1	60763.2	71652.7	45068.4	62124.1	64441	56662.1	54891	59307.8	46243.4	64125.8	61828.2	57363.6	57266.9	52780.2	48681.1	55762.4
201.7	7943.4	14232	15429.1	13227.1	11801	13690.4	12098.9	12989.3	28961.4	32101.4	39740	27651.3	24475.7	22595.6	31610.9	33702.8	33573.2	35479.9	34838.4	47819.7	27191.6	30220	39411.1	25387.7	34797.7	31309.7	27896	39400.6	26289.7	36536.6	39974.6	46009.7	37358.2	29536.9	33683.4	36457.2	31768	30755.7	39512.5	45209.1	37846.3	33486	25386.9	20399.9	36675.7	38220.2	40748.8	37016.7	29816.5	30642.2	55484.5	48099	24133.5	53829
209.1	15073.3	19090.8	13414.9	17016	14034.5	8082.49	11966.4	4099.71	31492.6	21194.2	21001.3	21791.4	17970.2	22101.3	22079.5	27594.9	27678.4	37728.1	41825.3	33763.9	29771.2	21247.4	35937.9	25279.3	31667.4	24601.9	31663.6	35840.9	26003.5	26733.6	40423.2	23846.2	26293.2	44636	29394.3	30105.2	37806.8	27035.5	21379.2	36169	36864.7	22175.4	35262.7	24366.9	30744.4	43700.4	28282	38271.2	38366.7	31241	36983.4	35966	30959.1	35791.1
216.7	21166.1	24488.1	18126.5	14500.5	12177.6	12118.8	14500.5	29589.8	34696.9	27589.1	32288.3	25455.4	23430.2	27687.6	28590.7	30721.9	29970.7	43599.6	44255.1	34481.1	25308.4	24120	32131.3	36143.2	30778.2	32283.3	28092.6	33282.4	46951.1	39079.3	38053.3	42467.6	31598.4	31313.6	44971.9	34038.9	39678.5	34446.4	39081.8	38706.2	34385.1	39710.4	51139.3	29717.8	36143.2	33727.1	35637.2	38087.6	41836.6	31004.3	32099.4	43270.1	28588.2	44566.9
224.7	15999.2	17313	21219.1	14757.9	13435.9	19709.4	14757.9	18151.3	26082.3	26536.3	18594.9	28972.8	22176.1	24819.5	33865.5	23616.1	29693.1	35128.8	35730.5	28578	32178.5	22944.7	29593.7	25717.2	26477	25875.3	25628.2	28371.1	35760.2	24542.9	37011.9	28124.6	33688.2	33905.6	31558.1	29741.4	30214.7	31872.1	36143.9	37653.7	28637.3	33145.8	27640.9	30294.8	32839.5	36361.3	33510.9	32958.1	22955.1	27226.9	34714.3	33983.6	23328.5	35700.9
232.9	20303.6	16122	10807.1	5593.97	13872.4	7604.59	10390.8	10807.1	23905.4	20180.2	20001.4	19543.4	17335.5	19745.4	26232.1	23483	23786.7	21275	18811	28702.3	22232.5	26636.1	21000.5	18888.1	22471.5	21281.2	28481.8	29434.7	33118.2	22910.9	37794.8	23227	28958.2	31607.2	23584.7	26594.5	41561.6	26713.2	23285.6	28184.2	26750.2	30273.4	23048.1	28541.9	27368.5	29797	23066.7	25118.9	27387	20817	20180.2	28642.1	27289.9	26411
241.4	16516.3	12340.2	12382.4	7976.12	9913.29	10747	5049.27	18733.3	25670.1	13485.9	20400.8	17441.9	13975.6	13475.7	16672.3	15391	26323.2	22795.7	22147.2	23389	24960.3	17649	18567.2	18683.7	22409.5	26011.3	21763.7	22639.7	25450.1	25482.1	25712.4	19443.2	19336.8	18411.3	27273.5	20462.2	23084.5	20160.4	16256.8	22523.2	22785.5	25858.2	19443.2	22253.5	22335.2	24950.1	18389.3	23970.6	21951.8	18087.6	24463.1	19294.6	22523.2	18421.4
250.3	10490.3	12444.9	6705.05	14992.8	8725.4	8008.12	8197.83	12024.6	12386.7	13286.1	14902.9	12304.3	10366.3	17343.5	16295.9	18753.9	21929.1	16023.8	19974.5	16295.9	14045	25359.1	18654.1	11603.6	16427.4	18819.6	13665.6	10621.8	18571.7	20146.9	14217.3	15734.3	22604.8	15330.7	19405.4	24114.3	15685.9	20856.6	21442.4	17764.5	13317.8	13748	21318.4	19091.7	22391	22011.5	22728.8	16651.1	19495.3	15809.9	15116.8	19347.2	17640.5	15958
259.5	9222.34	7249.82	12169.1	8815.04	7249.82	3513.7	6467.22	8331.9	12102.6	8564.83	16329.8	11886.9	10554.6	11869.6	11994.7	12419.3	17679.3	17254.8	19210	17039.1	16131.4	8957.41	16847.5	25228.6	12137.1	9914.38	12509.9	13309.7	16739.6	14325.3	18705.4	13361.5	11570.2	17821.7	20093.7	12544.4	17787.2	13309.7	13842.1	15581.7	16756.9	11744.5	12102.6	20768.5	16806.2	11104.3	14516.9	15139.9	16405.6	17769.9	15372.8	16722.4	12527.1	16806.2
269.0	5305.83	6781.49	5665.92	6781.49	6640.25	8302.93	4497.38	8186.3	9976.28	11310.7	10502.2	8860.71	7275.63	10855.1	12613.3	10053.9	15250.3	13947.7	11836.7	14307.8	13640.6	14473.7	15808.1	14801.9	10053.9	10721.1	14120.8	14191.2	14057.1	12503.9	13654.5	19048.6	17982.8	15116.2	11222.4	13389.9	11804.8	11137.6	14473.7	13531.2	12306.2	18759.4	14646.7	12768.5	10657.4	17251.9	11529.5	15698.6	15345.8	13979.5	13061.6	9559.74	13947.7	13326.3
278.8	7553.53	10329.3	9430.13	4041.48	2163.34	5531.24	4776.25	4756.01	10471.9	9350.26	12860.8	8675.13	10838.5	7898.36	13756.8	7694.58	12777.8	11512.1	20494.2	9124.7	7327.97	11430.6	11430.6	10307.5	7470.57	13532.8	11676.4	14186.1	8817.73	7470.57	14491.6	13429.6	12492.6	8084.51	11452.4	5673.84	8286.75	9633.91	8510.76	12043	5532.79	5307.23	13839.8	7531.75	11797.2	5142.85	12942.2	11880.2	14145.2	12718.2	11961.6	8308.53	11963.2	12920.4
289.0	3058.33	5925.96	5111.55	6479.32	1692.12	4427.67	5338.99	5109.98	8301.97	7748.61	5013.07	10126.2	4330.75	6706.76	6479.32	8530.98	15500.4	7390.65	7845.52	5925.96	9117.95	12045.8	10678	10091	12537.4	10450.5	8301.97	9213.3	12467	12502.2	11494	11169.6	12045.8	8205.06	10545.9	6479.32	11818.3	8758.42	16702.4	10126.2	11589.3	6022.88	9345.39	15824.7	9407.12	10547.5	10186.4	7521.17	10258.3	13544	9994.1	9994.1	12079.4	14746.1
299.6	4532.57	1389.14	3143.43	6067.46	1754.29	2448.86	2448.86	5372.89	4678.32	8334.84	5007.74	6616.28	5007.74	4129.49	10089.1	9540.31	7091.45	10526.4	7310.85	9758.14	5848.05	7967.49	5738.04	6103.19	7091.45	6029.53	8699.99	11769.8	6614.08	6724.1	9394.56	8334.84	9065.14	6542.62	10965.2	10783.7	6286.86	8296.91	9867.53	10234.9	11989.2	6358.95	8626.33	8151.17	9576.04	8186.9	7711.73	9175.16	7786.02	10929.4	7821.75	14072.9	8626.33	5628.02
310.6	4736.35	6841.28	6227.21	1957.7	6227.21	2104.93	2806.57	3360.99	4589.12	4209.86	6694.05	6928.86	6694.05	5318.68	3420.64	10289.8	2659.34	9206.16	6314.79	7595.99	9440.97	10669.1	6079.98	5817.26	6167.56	9381.31	4911.5	10230.2	7950.11	9907.8	6314.79	6227.21	7630.5	9440.97	7483.27	11490.1	5613.15	9528.54	5697.94	5378.34	4676.7	10697	7073.31	8184.91	3975.05	6079.98	7718.07	10114.7	7308.12	7395.69	5992.41	11430.4	4617.04	8244.57
322.0	4751.55	8021.07	2941.02	5327.23	3613.38	2852.03	3901.21	7425.59	2653.19	4614.22	7267.41	7932.07	6890.57	11408.1	12882.5	4703.21	19506.1	10119.4	14219.5	7932.07	6129.23	5930.39	7555.24	9166.93	6376.41	6753.24	8851.61	10654.5	5464.56	9783.26	6753.24	6465.4	9653.61	12505.6	9694.26	11476.3	11744.3	4991.05	7644.24	6801.58	12546.3	8604.43	6732.39	13218.6	9989.79	9653.61	11703.6	5258.03	9495.42	8693.42	5464.56	9584.42	10695.1	4415.38
333.8	36664.5	31891.3	25368.1	30100	15987	25368.1	19952.7	43187.7	41696.8	40972	46428.7	53635.4	41013.3	53635.4	58025.5	51119.2	67872.3	71796.8	59475.1	66681.8	53293.6	52951.9	48944.8	51926.7	58025.5	49669.6	59133.4	68172.8	66381.4	56917.7	49669.6	65273.5	64207	63482.2	64890.5	45320.8	56917.7	47837	59092.1	46811.7	51844	67448	71796.8	70005.4	70388.5	46086.9	37389.3	49286.6	47878.3	42079.9	39563.7	33382.2	45662.6	44254.3
Scan Up Time(s)	120	120	120	120	120	120	120	120	120	120	120	120	120	120	120	120	120	120	120	120	120	120	120	120	120	120	120	120	120	120	120	120	120	120	120	120	120	120	120	120	120	120	120	120	120	120	120	120	120	120	120	120	120	120
Retrace Time(s)	15	15	15	15	15	15	15	15	15	15	15	15	15	15	15	15	15	15	15	15	15	15	15	15	15	15	15	15	15	15	15	15	15	15	15	15	15	15	15	15	15	15	15	15	15	15	15	15	15	15	15	15	15	15
Down Scan First	FALSE	FALSE	FALSE	FALSE	FALSE	FALSE	FALSE	FALSE	FALSE	FALSE	FALSE	FALSE	FALSE	FALSE	FALSE	FALSE	FALSE	FALSE	FALSE	FALSE	FALSE	FALSE	FALSE	FALSE	FALSE	FALSE	FALSE	FALSE	FALSE	FALSE	FALSE	FALSE	FALSE	FALSE	FALSE	FALSE	FALSE	FALSE	FALSE	FALSE	FALSE	FALSE	FALSE	FALSE	FALSE	FALSE	FALSE	FALSE	FALSE	FALSE	FALSE	FALSE	FALSE	FALSE
Scans Per Sample	1	1	1	1	1	1	1	1	1	1	1	1	1	1	1	1	1	1	1	1	1	1	1	1	1	1	1	1	1	1	1	1	1	1	1	1	1	1	1	1	1	1	1	1	1	1	1	1	1	1	1	1	1	1
Impactor Type(cm)	0.071	0.071	0.071	0.071	0.071	0.071	0.071	0.071	0.071	0.071	0.071	0.071	0.071	0.071	0.071	0.071	0.071	0.071	0.071	0.071	0.071	0.071	0.071	0.071	0.071	0.071	0.071	0.071	0.071	0.071	0.071	0.071	0.071	0.071	0.071	0.071	0.071	0.071	0.071	0.071	0.071	0.071	0.071	0.071	0.071	0.071	0.071	0.071	0.071	0.071	0.071	0.071	0.071	0.071
Sheath Flow(lpm)	7.99998	7.99998	7.99998	7.99998	7.99998	7.99998	7.99998	7.99998	7.99998	7.99998	7.99998	7.99998	7.99998	7.99998	7.99998	7.99998	7.99998	7.99998	7.99998	7.99998	7.99998	7.99998	7.99998	7.99998	7.99998	7.99998	7.99998	7.99998	7.99998	7.99998	7.99998	7.99998	7.99998	7.99998	7.99998	7.99998	7.99998	7.99998	7.99998	7.99998	7.99998	7.99998	7.99998	7.99998	7.99998	7.99998	7.99998	7.99998	7.99998	7.99998	7.99998	7.99998	7.99998	7.99998
Aerosol Flow(lpm)	0.3	0.3	0.3	0.3	0.3	0.3	0.3	0.3	0.3	0.3	0.3	0.3	0.3	0.3	0.3	0.3	0.3	0.3	0.3	0.3	0.3	0.3	0.3	0.3	0.3	0.3	0.3	0.3	0.3	0.3	0.3	0.3	0.3	0.3	0.3	0.3	0.3	0.3	0.3	0.3	0.3	0.3	0.3	0.3	0.3	0.3	0.3	0.3	0.3	0.3	0.3	0.3	0.3	0.3
CPC Inlet Flow(lpm)	0.3	0.3	0.3	0.3	0.3	0.3	0.3	0.3	0.3	0.3	0.3	0.3	0.3	0.3	0.3	0.3	0.3	0.3	0.3	0.3	0.3	0.3	0.3	0.3	0.3	0.3	0.3	0.3	0.3	0.3	0.3	0.3	0.3	0.3	0.3	0.3	0.3	0.3	0.3	0.3	0.3	0.3	0.3	0.3	0.3	0.3	0.3	0.3	0.3	0.3	0.3	0.3	0.3	0.3
CPC Sample Flow(lpm)	0.05	0.05	0.05	0.05	0.05	0.05	0.05	0.05	0.05	0.05	0.05	0.05	0.05	0.05	0.05	0.05	0.05	0.05	0.05	0.05	0.05	0.05	0.05	0.05	0.05	0.05	0.05	0.05	0.05	0.05	0.05	0.05	0.05	0.05	0.05	0.05	0.05	0.05	0.05	0.05	0.05	0.05	0.05	0.05	0.05	0.05	0.05	0.05	0.05	0.05	0.05	0.05	0.05	0.05
Low Voltage	10.0272	10.0272	10.0272	10.0272	10.0272	10.0272	10.0272	10.0272	10.0272	10.0272	10.0272	10.0272	10.0272	10.0272	10.0272	10.0272	10.0272	10.0272	10.0272	10.0272	10.0272	10.0272	10.0272	10.0272	10.0272	10.0272	10.0272	10.0272	10.0272	10.0272	10.0272	10.0272	10.0272	10.0272	10.0272	10.0272	10.0272	10.0272	10.0272	10.0272	10.0272	10.0272	10.0272	10.0272	10.0272	10.0272	10.0272	10.0272	10.0272	10.0272	10.0272	10.0272	10.0272	10.0272
High Voltage	9530.41	9530.41	9530.41	9530.41	9530.41	9530.41	9530.41	9530.41	9530.41	9530.41	9530.41	9530.41	9530.41	9530.41	9530.41	9530.41	9530.41	9530.41	9530.41	9530.41	9530.41	9530.41	9530.41	9530.41	9530.41	9530.41	9530.41	9530.41	9530.41	9530.41	9530.41	9530.41	9530.41	9530.41	9530.41	9530.41	9530.41	9530.41	9530.41	9530.41	9530.41	9530.41	9530.41	9530.41	9530.41	9530.41	9530.41	9530.41	9530.41	9530.41	9530.41	9530.41	9530.41	9530.41
Lower Size(nm)	8.05842	8.05842	8.05842	8.05842	8.05842	8.05842	8.05842	8.05842	8.05842	8.05842	8.05842	8.05842	8.05842	8.05842	8.05842	8.05842	8.05842	8.05842	8.05842	8.05842	8.05842	8.05842	8.05842	8.05842	8.05842	8.05842	8.05842	8.05842	8.05842	8.05842	8.05842	8.05842	8.05842	8.05842	8.05842	8.05842	8.05842	8.05842	8.05842	8.05842	8.05842	8.05842	8.05842	8.05842	8.05842	8.05842	8.05842	8.05842	8.05842	8.05842	8.05842	8.05842	8.05842	8.05842
Upper Size(nm)	339.821	339.821	339.821	339.821	339.821	339.821	339.821	339.821	339.821	339.821	339.821	339.821	339.821	339.821	339.821	339.821	339.821	339.821	339.821	339.821	339.821	339.821	339.821	339.821	339.821	339.821	339.821	339.821	339.821	339.821	339.821	339.821	339.821	339.821	339.821	339.821	339.821	339.821	339.821	339.821	339.821	339.821	339.821	339.821	339.821	339.821	339.821	339.821	339.821	339.821	339.821	339.821	339.821	339.821
Density(g/cc)	1	1	1	1	1	1	1	1	1	1	1	1	1	1	1	1	1	1	1	1	1	1	1	1	1	1	1	1	1	1	1	1	1	1	1	1	1	1	1	1	1	1	1	1	1	1	1	1	1	1	1	1	1	1
Title																																																						
Status Flag	Normal Scan	Normal Scan	Normal Scan	Normal Scan	Normal Scan	Normal Scan	Normal Scan	Normal Scan	Normal Scan	Normal Scan	Normal Scan	Normal Scan	Normal Scan	Normal Scan	Normal Scan	Normal Scan	Normal Scan	Normal Scan	Normal Scan	Normal Scan	Normal Scan	Normal Scan	Normal Scan	Normal Scan	Normal Scan	Normal Scan	Normal Scan	Normal Scan	Normal Scan	Normal Scan	Normal Scan	Normal Scan	Normal Scan	Normal Scan	Normal Scan	Normal Scan	Normal Scan	Normal Scan	Normal Scan	Normal Scan	Normal Scan	Normal Scan	Normal Scan	Normal Scan	Normal Scan	Normal Scan	Normal Scan	Normal Scan	Normal Scan	Normal Scan	Normal Scan	Normal Scan	Normal Scan	Normal Scan
td(s)	4.3	4.3	4.3	4.3	4.3	4.3	4.3	4.3	4.3	4.3	4.3	4.3	4.3	4.3	4.3	4.3	4.3	4.3	4.3	4.3	4.3	4.3	4.3	4.3	4.3	4.3	4.3	4.3	4.3	4.3	4.3	4.3	4.3	4.3	4.3	4.3	4.3	4.3	4.3	4.3	4.3	4.3	4.3	4.3	4.3	4.3	4.3	4.3	4.3	4.3	4.3	4.3	4.3	4.3
tf(s)	2.99021	2.99021	2.99021	2.99021	2.99021	2.99021	2.99021	2.99021	2.99021	2.99021	2.99021	2.99021	2.99021	2.99021	2.99021	2.99021	2.99021	2.99021	2.99021	2.99021	2.99021	2.99021	2.99021	2.99021	2.99021	2.99021	2.99021	2.99021	2.99021	2.99021	2.99021	2.99021	2.99021	2.99021	2.99021	2.99021	2.99021	2.99021	2.99021	2.99021	2.99021	2.99021	2.99021	2.99021	2.99021	2.99021	2.99021	2.99021	2.99021	2.99021	2.99021	2.99021	2.99021	2.99021
D50(nm)	1415.69	1415.69	1415.69	1415.69	1415.69	1415.69	1415.69	1415.69	1415.69	1415.69	1415.69	1415.69	1415.69	1415.69	1415.69	1415.69	1415.69	1415.69	1415.69	1415.69	1415.69	1415.69	1415.69	1415.69	1415.69	1415.69	1415.69	1415.69	1415.69	1415.69	1415.69	1415.69	1415.69	1415.69	1415.69	1415.69	1415.69	1415.69	1415.69	1415.69	1415.69	1415.69	1415.69	1415.69	1415.69	1415.69	1415.69	1415.69	1415.69	1415.69	1415.69	1415.69	1415.69	1415.69
Median(nm)	33.4426	34.1227	32.0083	33.6587	31.6619	32.8249	32.0567	32.6348	33.9271	34.0787	34.135	35.035	34.1597	34.1627	34.7352	34.7704	34.7522	34.5963	35.6783	35.4909	34.5746	34.8547	34.8124	35.1872	34.8829	34.8167	34.2888	35.2735	34.775	34.625	34.9976	34.5567	34.6968	34.9953	35.1974	34.4535	35.1111	34.3709	34.4049	34.4666	34.6328	35.1029	34.8397	34.2027	35.9468	35.4703	34.9771	36.1661	35.3337	36.0875	35.8792	35.0629	35.5049	36.1489
Mean(nm)	39.529	40.1969	38.1648	39.3735	37.1418	38.4672	38.0383	39.4499	39.8769	39.9219	40.1012	40.8878	40.0178	40.2041	40.9078	40.8099	41.2851	41.0661	41.8142	41.6873	40.6341	40.9045	40.8811	41.1737	41.0772	40.9112	40.328	41.4065	41.2145	41.1724	41.4192	40.939	41.0789	41.428	41.4221	40.6708	41.4417	40.6944	41.0921	41.0779	41.0235	41.428	41.0571	40.8643	42.3201	41.6833	41.3028	42.424	41.621	42.3485	42.1658	41.2901	41.8519	42.2632
Geo. Mean(nm)	32.317	33.0639	31.417	32.4414	30.9855	31.7942	31.6029	32.2405	33.1608	33.0791	33.1018	34.0758	33.0726	33.116	33.8494	33.7491	34.0855	33.7484	34.6528	34.3272	33.7671	33.8468	33.9029	34.192	33.9352	33.9223	33.5383	34.1417	34.0202	33.8843	34.1287	33.734	33.7756	34.2305	34.0894	33.4391	34.2629	33.5908	33.6919	33.774	33.7019	34.1799	33.6551	33.6853	35.1189	34.5903	34.0885	34.7203	34.4112	34.8529	35.0295	34.1218	34.2569	35.0424
Mode(nm)	35.8664	38.5423	32.1968	38.5423	37.1803	39.9542	32.1968	32.1968	39.9542	37.1803	37.1803	39.9542	38.5423	37.1803	41.4178	37.1803	34.5989	34.5989	39.9542	38.5423	34.5989	38.5423	37.1803	41.4178	39.9542	38.5423	34.5989	42.9351	35.8664	37.1803	38.5423	37.1803	35.8664	39.9542	39.9542	39.9542	34.5989	34.5989	35.8664	38.5423	37.1803	39.9542	39.9542	34.5989	46.1384	39.9542	38.5423	39.9542	37.1803	38.5423	34.5989	37.1803	41.4178	37.1803
Geo. Std. Dev.	1.90518	1.8834	1.87164	1.87688	1.83362	1.87049	1.84761	1.8926	1.84389	1.85952	1.87378	1.84005	1.86984	1.87653	1.86179	1.86462	1.86681	1.88435	1.85995	1.8816	1.84878	1.8647	1.85332	1.85347	1.86929	1.85421	1.84344	1.8771	1.86669	1.87798	1.8741	1.87381	1.88175	1.86578	1.88299	1.88178	1.86463	1.86973	1.89149	1.87851	1.88581	1.87014	1.89366	1.86852	1.85149	1.85213	1.87047	1.905	1.8649	1.88817	1.85059	1.8661	1.90343	1.86078
Total Concentration(#/cm)	1.85526e+006	1.94058e+006	1.84583e+006	1.93863e+006	1.97693e+006	1.79214e+006	1.89995e+006	1.86216e+006	2.71041e+006	2.83752e+006	2.86047e+006	2.90982e+006	2.90891e+006	2.70542e+006	2.84329e+006	2.78623e+006	3.0783e+006	3.20514e+006	3.13522e+006	3.11802e+006	3.16256e+006	2.9728e+006	2.98562e+006	3.09548e+006	2.95895e+006	3.06343e+006	2.9965e+006	3.16338e+006	3.11338e+006	2.87686e+006	2.96637e+006	3.17134e+006	2.92303e+006	3.09027e+006	3.07746e+006	2.84064e+006	3.04013e+006	2.93174e+006	2.88012e+006	3.06686e+006	2.86275e+006	2.90604e+006	3.04373e+006	2.80582e+006	2.79621e+006	3.08145e+006	2.75725e+006	2.82513e+006	3.05544e+006	2.70482e+006	2.98796e+006	2.97371e+006	2.7031e+006	3.08948e+006
Comment																																																						
